# ADMX Sidecar (Runs A and C) rescaled to fixed polarisation scenario 
#  m_X [eV]	chi
1.737859778597786211e-05 2.531648855088917682e-01
1.737859778597786211e-05 6.573067753006807933e-14
1.740719557195572262e-05 7.358305063263381281e-14
1.743948339483395070e-05 7.344681743971882222e-14
1.747361623616236595e-05 6.791639619195336755e-14
1.750313653136531666e-05 6.281919614042038119e-14
1.752896678966789980e-05 6.516681905451359538e-14
1.755571955719557314e-05 6.506751279964871116e-14
1.757416974169742114e-05 6.499920188460265554e-14
1.782970479704797180e-05 2.467595941084008981e-01
2.966598746081504565e-05 1.483062286264206775e-01
2.966598746081504565e-05 1.886057789238246122e-13
2.966927899686520211e-05 2.034575660553893648e-13
2.967163009404388384e-05 1.958645840687920719e-13
2.967539184952977936e-05 2.034156557031656820e-13
2.968479623824451307e-05 2.033512119427456577e-13
2.969420062695924678e-05 2.111507922546590402e-13
2.970407523510971615e-05 2.110805988109085211e-13
2.971536050156739592e-05 2.031420514316854591e-13
2.971818181818181671e-05 2.364246026396997867e-13
2.972053291536049844e-05 2.276013293356575549e-13
2.972241379310344451e-05 1.443261786307666376e-13
2.972335423197491923e-05 1.443216121895939187e-13
2.972429467084639396e-05 1.337674961142501983e-13
2.972570532915360097e-05 2.363647640901258212e-13
2.972711598746081136e-05 2.454966906177727942e-13
2.972852664576802176e-05 2.363423324424381189e-13
2.973369905956112767e-05 2.454423373934569244e-13
2.974075235109717625e-05 2.453841284974448063e-13
2.974968652037617429e-05 2.453104368522951055e-13
2.975485893416927681e-05 2.452677934947858647e-13
2.976050156739811839e-05 2.547074745988369299e-13
2.976708463949843131e-05 2.360361927487829351e-13
2.977319749216300856e-05 2.271987347640699170e-13
2.978213166144200321e-05 2.186714531541088129e-13
2.978683385579937006e-05 2.104941404012465961e-13
2.978824451410658046e-05 2.026450161728009920e-13
2.978824451410658046e-05 1.476975495050961429e-01
