# ADMX 2024 rescaled to fixed polarisation scenario 
#  m_X [eV]	chi
3.273468271334791755e-06 3.284454632042701938e+00
3.273468271334791755e-06 8.288643664841644115e-16
3.273796498905907774e-06 1.131861950548102391e-15
3.274288840262581802e-06 1.060340438061860765e-15
3.274288840262581802e-06 1.147595294137916838e-15
3.275109409190371426e-06 1.201937690581218894e-15
3.275437636761487445e-06 1.230097233817276341e-15
3.275601750547045454e-06 1.059915437719272869e-15
3.275601750547045454e-06 1.147135320741021416e-15
3.275929978118161473e-06 1.074702620962552113e-15
3.276586433260393510e-06 1.157509387632881509e-15
3.276914660831509529e-06 1.099660934552180856e-15
3.276914660831509529e-06 1.044808205692793068e-15
3.277407002188183557e-06 1.084258773736510099e-15
3.277735229759299576e-06 9.832528431999659781e-16
3.277899343544857585e-06 1.099330595820172519e-15
3.277899343544857585e-06 1.146331253927417779e-15
3.278227571115973181e-06 1.104345667941147465e-15
3.278719912472647209e-06 1.063844606214513196e-15
3.278884026258205218e-06 1.172953243986214406e-15
3.279048140043763228e-06 1.020123855120628660e-15
3.279212253829321237e-06 1.068644335610716741e-15
3.279540481400437256e-06 1.029504155859670940e-15
3.279540481400437256e-06 1.114221510517413191e-15
3.280032822757111284e-06 1.098615542312992738e-15
3.280032822757111284e-06 1.140269098264511188e-15
3.280361050328227303e-06 9.688506327973755544e-16
3.280361050328227303e-06 1.161568178896631288e-15
3.280525164113785312e-06 1.103572213464534411e-15
3.280853391684901331e-06 1.129427392379217477e-15
3.281017505470459340e-06 1.029040701331964941e-15
3.281345733041574936e-06 1.139812861358082182e-15
3.281673960612690954e-06 8.077838462268809333e-16
3.281673960612690954e-06 1.082848978868260131e-15
3.281838074398248964e-06 1.092915479684585448e-15
3.282002188183806973e-06 1.103075564581068493e-15
3.282658643326039011e-06 1.128806279776546052e-15
3.282658643326039011e-06 7.496208180711602348e-16
3.282822757111597020e-06 1.077446426193952456e-15
3.283150984682713039e-06 1.139186131412320541e-15
3.283315098468271048e-06 1.321963442697234612e-15
3.283479212253829058e-06 1.155079508874397168e-15
3.283643326039387067e-06 1.097407568538854537e-15
3.283807439824945077e-06 8.777615422276293117e-16
3.283807439824945077e-06 1.087190983361587611e-15
3.284135667396061095e-06 9.194649152274414754e-16
3.284135667396061095e-06 1.333986159829305005e-15
3.284299781181619105e-06 1.171019063878037071e-15
3.284628008752734700e-06 1.226655428189954247e-15
3.284956236323850719e-06 1.170785051175635209e-15
3.285284463894966738e-06 9.234289244140363829e-16
3.285448577680524747e-06 1.170609603017844563e-15
3.285940919037198775e-06 8.771916336231231251e-16
3.286105032822756785e-06 1.214750068749848001e-15
3.286269146608314794e-06 1.032186495506383970e-15
3.286433260393872803e-06 1.192237417055229862e-15
3.286597374179430813e-06 9.187762233187007543e-16
3.286925601750546832e-06 1.237255254333428292e-15
3.286925601750546832e-06 1.027191048411205384e-15
3.287089715536104841e-06 1.101368301441905302e-15
3.287417943107220860e-06 1.041470049213061086e-15
3.287582056892778446e-06 9.015687338737109480e-16
3.287582056892778446e-06 9.987189411539677998e-16
3.287910284463894464e-06 1.116566973413433156e-15
3.287910284463894464e-06 1.191701829642613552e-15
3.288238512035010483e-06 1.169616389193726687e-15
3.288402625820568493e-06 1.106061679688913258e-15
3.288402625820568493e-06 9.755148649687388830e-16
3.288730853391684511e-06 1.090624862058578752e-15
3.288894967177242521e-06 9.936871683637300154e-16
3.289223194748358540e-06 1.100653924144580663e-15
3.289387308533916549e-06 1.202300302496936633e-15
3.289551422319474558e-06 9.351911322056555944e-16
3.289879649890590577e-06 1.090244025627922638e-15
3.290207877461706596e-06 1.247573804297549125e-15
3.290536105032822615e-06 1.084967836764632100e-15
3.290700218818380201e-06 9.793789374939716679e-16
3.291028446389496219e-06 1.100050174485392274e-15
3.291356673960612238e-06 1.074652794533442327e-15
3.291356673960612238e-06 9.566721293093387030e-16
3.291684901531728257e-06 1.069558794019169783e-15
3.291849015317286266e-06 9.974243823270463329e-16
3.292341356673960295e-06 1.104738463536154956e-15
3.292669584245076313e-06 9.925480353745772738e-16
3.292833698030634323e-06 1.141132170440597423e-15
3.293490153172866360e-06 1.029923417399800619e-15
3.293490153172866360e-06 1.114675272868824090e-15
3.293654266958424370e-06 1.173137585535793350e-15
3.294638949671772003e-06 9.965797530390530714e-16
3.294638949671772003e-06 1.135213941866334108e-15
3.295131291028446031e-06 1.068440138685506319e-15
3.295295404814004040e-06 1.124477546242424894e-15
3.295295404814004040e-06 1.103748127252896007e-15
3.295787746170678068e-06 1.140109362048415212e-15
3.296115973741794087e-06 9.961331752199889477e-16
3.296115973741794087e-06 1.139995829839690593e-15
3.297264770240699729e-06 1.123805926776905400e-15
3.297264770240699729e-06 9.505260978293723031e-16
3.297757111597373758e-06 1.541701206763129924e-15
3.297921225382931767e-06 1.144684153838625107e-15
3.298249452954047786e-06 1.267905524033386985e-15
3.298413566739605795e-06 1.102704696732066483e-15
3.299234135667395842e-06 1.102430437563587286e-15
3.299398249452953852e-06 1.023307979105454241e-15
3.299398249452953852e-06 1.112679269860022648e-15
3.300054704595185466e-06 1.018356310454069046e-15
3.300054704595185466e-06 1.198413877979955177e-15
3.300054704595185466e-06 1.023104420120800038e-15
3.300218818380743475e-06 1.149220631906561881e-15
3.300547045951859494e-06 1.215073774324699321e-15
3.301039387308533522e-06 1.133012857545064589e-15
3.301203501094091531e-06 1.061525470683206735e-15
3.301203501094091531e-06 1.165022893614253030e-15
3.301531728665207550e-06 1.170338476768608282e-15
3.302352297592997597e-06 1.116867198489731964e-15
3.302680525164113616e-06 7.046255275190795773e-16
3.303172866520787221e-06 1.075801188985592551e-15
3.303665207877461249e-06 1.148021762872929205e-15
3.303665207877461249e-06 1.242491868978425581e-15
3.304157549234135277e-06 1.121461563419721687e-15
3.304321663019693286e-06 1.208053186593436901e-15
3.304814004376367315e-06 1.105700515717389226e-15
3.304814004376367315e-06 1.224847320898055883e-15
3.305798687089715371e-06 1.152630081872190907e-15
3.305798687089715371e-06 1.224482481384963724e-15
3.306619256017504994e-06 1.173986141437543275e-15
3.306619256017504994e-06 1.045100173211114650e-15
3.306947483588621013e-06 3.251203135213697415e+00
3.307768052516411060e-06 3.250396598531459347e+00
3.308096280087527079e-06 8.959779104314128418e-16
3.308260393873085088e-06 1.089241658562128853e-15
3.308424507658643098e-06 1.157085164697618488e-15
3.309573304157548740e-06 1.151315490297963772e-15
3.309573304157548740e-06 9.338674901464214442e-16
3.309737417943106749e-06 1.078673438055425925e-15
3.309901531728664759e-06 9.691785730600912068e-16
3.310229759299780777e-06 1.068525723189157181e-15
3.310393873085338787e-06 9.467562881410511532e-16
3.310886214442012815e-06 1.048619807011460318e-15
3.311214442013128834e-06 9.290728139061059236e-16
3.311706783369802862e-06 1.118905124558974258e-15
3.312363238512034900e-06 1.048152214364237943e-15
3.312363238512034900e-06 1.113491695643759571e-15
3.312691466083150495e-06 1.188301862695802043e-15
3.313676148796498551e-06 1.092531754499309890e-15
3.313676148796498551e-06 1.187948750246095350e-15
3.313676148796498551e-06 1.018898770822254842e-15
3.313676148796498551e-06 1.072391246959554382e-15
3.314496717724288598e-06 9.723474658108296717e-16
3.314660831509846608e-06 1.112719866834394754e-15
3.315645514223194664e-06 9.278311887959526411e-16
3.315809628008752250e-06 1.102033879786826683e-15
3.316301969365426278e-06 9.900698130469136836e-16
3.316301969365426278e-06 1.096756617885585266e-15
3.316630196936542297e-06 9.362253865818300724e-16
3.317778993435448363e-06 1.061146791434672814e-15
3.317943107221006372e-06 9.228857129819538571e-16
3.318107221006564381e-06 1.051216329626029859e-15
3.318763676148795995e-06 9.443686027093408618e-16
3.319420131291028033e-06 1.041069891885921280e-15
3.319420131291028033e-06 9.891397716925130804e-16
3.319584245076586042e-06 1.031378351692589138e-15
3.319912472647702061e-06 9.617718064381771651e-16
3.320404814004376089e-06 1.012115004500085906e-15
3.320733041575492108e-06 9.350686578535359742e-16
3.321225382932166136e-06 1.021322627232754552e-15
3.322210065645513769e-06 9.746129826162760561e-16
3.322210065645513769e-06 1.089725316928061954e-15
3.322210065645513769e-06 1.016281477750490109e-15
3.322866520787745807e-06 1.064462151985431703e-15
3.322866520787745807e-06 1.025577792255362396e-15
3.323687089715535854e-06 1.001752336185960007e-15
3.323687089715535854e-06 1.162537119178679913e-15
3.323687089715535854e-06 1.039733363558862771e-15
3.324179431072209882e-06 1.034754801536856276e-15
3.324179431072209882e-06 9.650157911167562841e-16
3.324507658643325901e-06 1.006174619887211128e-15
3.324835886214441920e-06 9.209724614791777058e-16
3.324835886214441920e-06 1.015478859847103664e-15
3.325164113785557515e-06 9.874311036873192346e-16
3.325328227571115524e-06 1.078621834557350057e-15
3.325328227571115524e-06 9.646824084590589168e-16
3.325656455142231543e-06 1.024717422354139702e-15
3.325820568927789552e-06 8.953582314954569711e-16
3.326148796498905571e-06 1.108876717397941697e-15
3.326477024070021590e-06 9.554191585925309445e-16
3.326641137855579599e-06 1.010217632141252593e-15
3.326641137855579599e-06 1.078196139797694996e-15
3.326969365426695618e-06 8.117505681095163594e-16
3.327133479212253628e-06 9.960704761147095117e-16
3.327297592997811637e-06 1.145182510687346877e-15
3.327461706783369646e-06 1.113607313164620101e-15
3.327789934354485665e-06 1.067843033162283892e-15
3.328118161925601684e-06 1.113387659531069287e-15
3.328282275711159270e-06 8.905438141978010094e-16
3.328282275711159270e-06 8.114303561860663620e-16
3.328610503282275289e-06 1.028581542843684963e-15
3.328774617067833298e-06 1.128811318575692362e-15
3.329102844638949317e-06 1.033224501613458425e-15
3.329102844638949317e-06 1.149898064128148129e-15
3.329431072210065336e-06 1.028328039456634626e-15
3.329431072210065336e-06 1.149784702944079643e-15
3.329595185995623345e-06 1.077239554049743487e-15
3.329595185995623345e-06 1.160474291463715551e-15
3.330579868708971401e-06 1.042419338399136172e-15
3.330579868708971401e-06 1.138744514587964949e-15
3.330908096280087420e-06 9.995806580769985473e-16
3.331400437636761025e-06 1.086719079395730578e-15
3.331728665207877044e-06 9.363280639512194104e-16
3.331728665207877044e-06 1.008675036584489015e-15
3.331728665207877044e-06 1.107019607435138143e-15
3.332056892778993062e-06 1.003894992608530613e-15
3.332221006564551072e-06 1.175854991003726357e-15
3.332549234135667091e-06 1.076284664180922918e-15
3.333041575492341119e-06 8.370898699412028283e-16
3.333041575492341119e-06 1.041649431784312825e-15
3.333205689277899128e-06 9.988916428361648377e-16
3.333369803063457138e-06 1.091140901458298379e-15
3.333533916849015147e-06 8.727497986714108847e-16
3.333698030634573156e-06 1.116706602939709862e-15
3.333862144420131166e-06 1.137623390408399124e-15
3.334190371991247184e-06 1.085809750726692781e-15
3.334354485776805194e-06 1.036407008297444263e-15
3.334846827133478799e-06 1.116321917014909918e-15
3.335010940919036808e-06 1.075490214835601988e-15
3.335175054704594817e-06 1.012330837072305917e-15
3.335503282275710836e-06 1.110922513744627715e-15
3.335503282275710836e-06 1.012231219454303950e-15
3.335995623632384864e-06 1.070183010547856422e-15
3.335995623632384864e-06 1.026304501941715357e-15
3.336323851203500883e-06 1.095257748336048379e-15
3.336652078774616902e-06 9.932289464094275678e-16
3.336816192560174911e-06 1.084955301031873689e-15
