# ADMX 2025 rescaled to fixed polarisation scenario 
#  m_X [eV]	chi
4.509005858970171438e-06 2.384463086301236601e+00
4.509005858970171438e-06 1.129735519633085125e-15
4.511287148645969219e-06 1.495854572945635024e-15
4.513569592519119486e-06 1.189699390648232344e-15
4.515853191173559978e-06 1.481267167958888104e-15
4.516995423726338516e-06 1.631197420428165134e-15
4.520423855163655007e-06 1.479769437940371232e-15
4.523854888804643868e-06 1.296029981337710370e-15
4.524999145293791316e-06 1.614065080467560338e-15
4.527288526624404667e-06 1.353220930943216093e-15
4.528433651612311556e-06 1.543506164881578971e-15
4.529579066246267933e-06 1.305817553150354910e-15
4.531870764745400012e-06 1.625843203779481530e-15
4.534163622708113721e-06 1.514697549572352378e-15
4.536457640721047140e-06 1.624199290902473022e-15
4.537605084929742955e-06 1.292102652693226103e-15
4.538752819371100079e-06 2.368835328670781504e+00
4.625665460816450071e-06 2.324326762863796692e+00
4.626835469105899579e-06 1.371479613359966681e-15
4.627420584223443130e-06 1.606326542548404351e-15
4.629176373579627428e-06 1.753215952304152321e-15
4.635033817644979851e-06 1.108718538133715104e-15
4.639725108806647943e-06 1.297422313887416479e-15
4.639725108806647943e-06 1.506482624423964791e-15
4.643246692941965265e-06 1.307881776577516845e-15
4.644421148199639745e-06 1.558803299026287493e-15
4.647946296662031863e-06 1.613349063863435089e-15
4.649121940629818606e-06 1.196335465248273911e-15
4.650297881963076898e-06 1.823650181491180543e-15
4.653827490907912385e-06 1.259834314565058004e-15
4.657359778850881942e-06 1.596000494041057932e-15
4.657359778850881942e-06 1.773505826413438629e-15
4.660894747825344910e-06 1.162263821662477992e-15
4.663252884275108331e-06 1.566212103613934194e-15
4.666792326158220092e-06 1.578838475834595424e-15
4.670334454502735901e-06 1.007766463754523181e-15
4.670334454502735901e-06 1.509819492592583517e-15
4.670334454502735901e-06 1.753104449693243367e-15
4.673879271347679208e-06 1.590359544274164500e-15
4.675061474759854770e-06 1.443452572250846514e-15
4.677426778733650640e-06 1.750446239152264987e-15
4.678609879446567974e-06 1.404827860918387904e-15
4.682160977397515146e-06 1.479767222264034634e-15
4.684529873298795156e-06 1.747792059222968627e-15
4.686899967720984658e-06 1.439806600876589575e-15
4.689271261270444891e-06 1.627486343663974534e-15
4.692830451285515129e-06 1.744700602064490622e-15
4.696392342750941302e-06 1.488305224181198462e-15
4.696392342750941302e-06 1.304495269460095373e-15
4.697580240582739217e-06 1.773841592534963455e-15
4.698768438879480112e-06 1.540773737215176352e-15
4.704713939997964783e-06 1.111665839564566664e-15
4.705903942681018961e-06 1.636048915692278523e-15
4.707094246361405124e-06 2.284117857835829657e+00
4.805730733743206182e-06 2.237236878699596421e+00
4.807554179595462731e-06 1.441171141268258480e-15
4.809378317320612214e-06 1.747900606793955046e-15
4.813028669439731267e-06 1.530867939776042725e-15
4.814246069074065978e-06 1.746133279964061703e-15
4.817900115851154354e-06 1.542819138885319868e-15
4.820337687710027331e-06 1.743926634140010400e-15
4.823996358068694817e-06 2.228765784337118028e+00
4.826437014264750186e-06 2.227638731191075916e+00
4.828878905288172120e-06 1.302598172996956771e-15
4.830100314055362716e-06 1.917045799796429146e-15
4.832544058491311558e-06 1.635736782796626115e-15
4.833766394316386348e-06 2.224260990202632016e+00
4.898994569379594546e-06 2.194645834847688715e+00
4.900233713088687640e-06 1.283630375190244700e-15
4.901473170224773190e-06 1.557026770199297789e-15
4.903953025095050792e-06 1.669588609810494146e-15
4.906434134624879594e-06 1.475560215267124889e-15
4.907675160085492024e-06 1.886743359659106533e-15
4.916371132040323798e-06 1.650800081242264142e-15
4.920102692461664868e-06 1.510771008776231114e-15
4.923837085163728012e-06 1.815592714799156299e-15
4.925082512498311766e-06 1.457111434090972567e-15
4.930067372797153126e-06 1.829304005690952256e-15
4.931314376010545735e-06 1.520641199248330115e-15
4.935057278459638842e-06 1.630160293621736338e-15
4.937554124897844743e-06 1.810548809096069555e-15
4.941301763360423701e-06 1.671594875006859463e-15
4.946303039769958971e-06 1.400744816483950585e-15
4.952561754290125502e-06 1.773613315295604755e-15
4.955067456955456449e-06 1.609371491388501183e-15
4.960082666138576885e-06 1.552209824109451635e-15
4.963847403923102354e-06 1.324102248554209998e-15
4.966358816458156842e-06 1.509910999937591175e-15
4.967614999170203197e-06 2.164329970906829104e+00
4.975158770729122117e-06 2.161048224206662649e+00
4.976417179287282308e-06 1.645276876669940000e-15
4.978934951383538354e-06 1.428739959761860669e-15
4.982713998185758472e-06 1.518238905381833916e-15
4.982713998185758472e-06 1.296106590620282409e-15
4.986495913311189239e-06 1.685816137281125763e-15
4.989018784649415461e-06 1.855980889096997700e-15
4.994068357241684394e-06 1.610897938637191098e-15
4.994068357241684394e-06 1.462463584218578890e-15
4.994068357241684394e-06 1.363176201144310476e-15
5.000387510736902807e-06 1.835558981768478611e-15
5.001652300611479949e-06 1.608455354065758299e-15
5.001652300611479949e-06 1.361109233972028534e-15
5.005448590042243060e-06 1.932986406250279588e-15
5.009247760883512823e-06 1.769020886359474111e-15
5.009247760883512823e-06 1.359045400916442497e-15
5.014317807979561743e-06 1.895949138341140818e-15
5.019392986659987249e-06 1.689550230270600165e-15
5.020662583748697040e-06 1.844283172828074515e-15
5.027015387764366258e-06 1.958821475643822002e-15
5.027015387764366258e-06 1.342392849561983786e-15
5.032103418140413472e-06 1.956840883763813843e-15
5.032103418140413472e-06 1.364814265127736702e-15
5.039745121181741815e-06 1.886383398130711133e-15
5.041019866106216616e-06 1.773387722747929738e-15
5.042294933462586004e-06 1.362055694738951998e-15
5.047398428838579520e-06 1.325273833979253862e-15
5.047398428838579520e-06 1.802551927417834735e-15
5.053785062569195156e-06 1.784522270284148921e-15
5.058900187534786858e-06 1.895828558056209797e-15
5.058900187534786858e-06 1.299223401404450501e-15
5.062739928516156289e-06 1.735014951638492559e-15
5.064020489709755402e-06 2.123126880801108118e+00
5.070428155862544177e-06 2.120443815814484712e+00
5.072993491940091127e-06 1.295614023447317452e-15
5.075560125925613291e-06 1.401540548354621920e-15
5.078128058475794984e-06 1.502861852157438524e-15
5.079412511917928106e-06 1.542620592129332109e-15
5.081982393547046681e-06 1.713322233951375475e-15
5.083267821898415818e-06 1.475184875033142168e-15
5.083267821898415818e-06 1.697901850970446136e-15
5.085839654085856670e-06 1.804717968306812065e-15
5.085839654085856670e-06 1.652886416187528111e-15
5.087126058086415406e-06 1.726697819541925464e-15
5.090987222702948900e-06 1.552698862748797830e-15
5.101297995350848887e-06 1.880071984938951077e-15
5.102588309359085126e-06 1.767454367588767518e-15
5.103878949737247457e-06 1.604188538634114369e-15
5.105169916567874161e-06 1.158590987126869362e-15
5.107752829916885557e-06 1.828838683173830582e-15
5.110337050066938842e-06 1.616303312789799147e-15
5.112922577679188972e-06 1.367058693404563342e-15
5.115509413415153433e-06 1.778551661441417468e-15
5.119392121198887745e-06 1.503906882009320417e-15
5.120687011905853826e-06 1.792436480947880508e-15
5.125869850837722386e-06 1.475837363525713451e-15
5.128463237126405746e-06 1.327453238271488131e-15
5.131057935514807431e-06 1.682087778436646788e-15
5.133653946666792901e-06 1.410250687540346157e-15
5.136251271246533396e-06 1.651110144066579837e-15
5.137550426279448987e-06 1.121332345909525061e-15
5.140149722246893882e-06 1.565116748890575282e-15
5.140149722246893882e-06 1.693933814754231173e-15
5.145352260116159497e-06 1.119632083576404089e-15
5.146653717138390707e-06 1.604898086690828348e-15
5.149257618831377424e-06 1.830110384239004819e-15
5.150560063668672315e-06 1.508000617996158146e-15
5.153165941741440198e-06 1.674871320146764117e-15
5.157077231096201159e-06 1.532800405488453704e-15
5.157077231096201159e-06 1.177569670129172012e-15
5.160991489147225498e-06 1.440255912764772489e-15
5.162296901930581085e-06 1.342136741713843456e-15
5.166215121748633008e-06 1.503430959802877940e-15
5.168828920352775083e-06 1.011848109622092643e-15
5.172752098018954408e-06 1.462461394454509043e-15
5.176678253404698491e-06 1.526996595888602097e-15
5.177987633972662911e-06 1.410517680970348725e-15
5.181917763167193770e-06 1.485760560983817825e-15
5.185850875357536389e-06 1.171035936013861918e-15
5.187162576033560983e-06 1.510576586322378587e-15
5.193726057783882304e-06 1.089878642464249139e-15
5.193726057783882304e-06 1.590352400492229739e-15
5.197668132553260144e-06 1.507523400297369864e-15
5.205561260550821554e-06 1.732491760634819202e-15
5.205561260550821554e-06 1.466071487293580843e-15
5.206877946739581216e-06 1.049574452131248745e-15
5.212148022741709020e-06 1.464218764730923472e-15
5.214785060670901808e-06 1.144249068635816502e-15
5.216104079912633950e-06 1.728990038391863766e-15
5.221383494029382033e-06 1.152890396453915823e-15
5.222704182268102992e-06 1.461259277399721516e-15
5.222704182268102992e-06 1.567690573313062897e-15
5.227990276595409581e-06 1.257202320830408408e-15
5.231958358148928700e-06 1.223561397905699184e-15
5.235929451504379666e-06 1.457568328629953950e-15
5.238578521426789015e-06 1.232801689582301234e-15
5.239903558947751940e-06 1.179506175874384678e-15
5.250515931741047359e-06 1.208568948793830912e-15
5.255830175380651121e-06 1.295284456367860950e-15
5.258489313889649943e-06 1.503239732765084476e-15
5.258489313889649943e-06 1.413552080126742223e-15
5.259819387614036357e-06 1.227823234279160510e-15
5.261149797765093120e-06 1.164464390892212917e-15
5.269139328398651421e-06 1.526802371448924142e-15
5.277140991855298281e-06 1.324517436488546354e-15
5.278475783304737339e-06 1.551126584617642715e-15
5.281146379148928647e-06 1.289075258045928527e-15
5.281146379148928647e-06 1.034814352020323810e-15
5.283818326156318141e-06 1.563235939170570224e-15
5.286491625010502914e-06 1.357496531130611131e-15
5.289166276395427343e-06 1.589346002726785490e-15
5.291842280995412734e-06 1.467739843066086676e-15
5.294519639495084477e-06 1.659060702449374511e-15
5.299878420933859681e-06 1.342220095841970501e-15
5.301218963551573908e-06 1.656964093093769156e-15
5.303901066096790881e-06 1.377032304816181203e-15
5.305242626195833893e-06 1.451222797004478040e-15
5.310612260770672535e-06 1.610995572158394588e-15
5.313299115767458315e-06 1.398970459975564094e-15
5.318676904616852243e-06 1.447557199064327849e-15
5.320022202092429673e-06 1.787002227860686573e-15
5.320022202092429673e-06 1.580127856579260575e-15
5.326080252907581051e-06 1.777143576084194718e-15
5.330796839114289234e-06 1.265895083762780353e-15
5.337542065865010112e-06 1.480975695069950114e-15
5.342944391911326882e-06 1.208720880943744559e-15
5.344295827565624906e-06 1.366624031531416831e-15
5.345647605049856261e-06 1.531635588176421189e-15
5.353765453227243937e-06 1.556430383029402838e-15
5.357828999028376056e-06 1.293155930316745834e-15
5.364608430430611792e-06 1.447831255489272706e-15
5.367322604288412698e-06 8.769002321575793123e-16
5.368680206128041241e-06 9.323023554195465544e-16
5.372755072332002306e-06 9.315952680297757675e-16
5.375473367907670431e-06 1.577631586282222079e-15
5.379553390169413188e-06 1.676457382106228747e-15
5.379553390169413188e-06 1.562641853226714984e-15
5.382275125290909643e-06 1.481630744898052785e-15
5.386360310134557985e-06 1.320669786741193768e-15
5.387722727340514932e-06 1.560272438759280913e-15
5.389085489154050708e-06 1.466811036282220310e-15
5.390448595662351260e-06 1.240932910999373664e-15
5.395904470387144660e-06 1.477888340480363184e-15
5.398634478185969677e-06 1.612828848220023157e-15
5.398634478185969677e-06 1.426117858855730613e-15
5.404098638148766931e-06 1.501813051097360429e-15
5.404098638148766931e-06 1.316334841092663615e-15
5.409568328592321818e-06 1.487167539704097992e-15
5.416413227413476750e-06 1.433983603711809295e-15
5.416413227413476750e-06 1.396671547907139584e-15
5.416413227413476750e-06 1.360330346653915810e-15
5.419153611427620454e-06 1.524196451283038722e-15
5.421895381913617146e-06 1.432533682768583626e-15
5.427383085107470123e-06 1.357580839186760837e-15
5.430129019219314857e-06 1.494613817731371667e-15
5.432876342611055550e-06 1.467830997842745517e-15
5.438375160046108228e-06 1.342982581124900181e-15
5.439750733803503819e-06 1.453149318375562912e-15
5.439750733803503819e-06 1.976479907400614300e+00
