# ADMX SLIC rescaled to fixed polarisation scenario 
#  m_X [eV]	chi
1.750098619329388456e-07 4.041711341548873548e+01
1.750098619329388456e-07 1.725229927292333138e-10
1.750394477317554326e-07 9.017443504971168554e-11
1.750690335305719932e-07 1.298556153311083404e-10
1.750788954635108467e-07 6.788067149349762918e-11
1.750986193293885537e-07 6.258725994347363908e-11
1.751282051282051408e-07 8.654811910314599169e-11
1.751479289940828478e-07 1.526467624194079605e-10
1.751577909270217013e-07 8.653350031156277505e-11
1.751873767258382619e-07 8.651888645764841959e-11
1.751972386587771154e-07 4.238647678201631225e-09
1.773274161735700315e-07 4.021360946432292419e-09
1.773274161735700315e-07 2.432557959392965349e-11
1.773570019723865921e-07 2.153643638217494463e-11
1.773865877712031527e-07 2.153284438188881857e-11
1.773964497041420062e-07 2.242244107181120232e-11
1.773964497041420062e-07 4.019796040571439791e-09
1.800690335305719983e-07 3.960134244909307340e-09
1.800690335305719983e-07 2.705309456500592630e-11
1.800887573964497053e-07 1.731838583105277387e-11
1.800986193293885588e-07 1.877997010356996052e-11
1.801183431952662659e-07 2.299722877328228700e-11
1.801380670611439994e-07 2.493671365207084784e-11
1.801380670611439994e-07 3.926651125978665391e+01
