# ADMX 2021 rescaled to fixed polarisation scenario 
#  m_X [eV]	chi
3.312870397404704033e-06 3.245390473183956459e+00
3.312870397404704033e-06 1.655748819397406658e-15
3.314263179237631835e-06 1.612320504290986654e-15
3.325274488600522588e-06 1.665918930162726282e-15
3.336572897285435068e-06 1.689758288785762991e-15
3.348547039740470548e-06 1.702132344445861978e-15
3.359903568532035829e-06 1.739969365609496484e-15
3.366641299450302279e-06 1.698210404619544972e-15
3.373121603811840909e-06 1.785199313292572913e-15
3.379884630981346506e-06 1.745717992767522910e-15
3.384384387672343791e-06 1.804745134150123937e-15
3.395211183202667591e-06 1.811318169371318436e-15
3.406267133008921371e-06 1.774400850650024388e-15
3.407472424979724374e-06 1.795972037764685613e-15
3.418721816707218221e-06 1.769710716658361328e-15
3.423864395782644113e-06 1.697901458292759035e-15
3.426876137694872274e-06 1.617391952644511707e-15
3.431042579075425990e-06 1.600518388556134984e-15
3.434256690997567331e-06 1.663476954348012694e-15
3.436273388674204404e-06 1.724747041313678442e-15
3.447113138686131425e-06 1.731118088027982793e-15
3.456822435117599353e-06 1.696963081210084728e-15
3.458898215733982021e-06 1.623702670797672136e-15
3.460112435793457714e-06 1.773481040539457587e-15
3.468046072743152748e-06 1.716370379187508029e-15
3.471129697215463735e-06 1.789641685777902562e-15
3.479407310856216196e-06 1.723778248742031615e-15
3.480504190321708748e-06 1.653380319647569093e-15
3.483386687521724079e-06 1.806456698658915531e-15
3.491421967327077009e-06 1.698591622266004489e-15
3.494100393928861177e-06 1.736054014463053685e-15
3.494253446877534655e-06 1.800988946436893865e-15
3.500069458927123002e-06 1.662648416951857236e-15
3.505562359196179064e-06 1.707086124751120108e-15
3.505949243038659197e-06 1.761707672159464140e-15
3.517654437187860054e-06 1.739791033647709025e-15
3.524864036612212017e-06 1.700118609872975406e-15
3.530613087996756035e-06 1.760666916022228084e-15
3.533298954672433971e-06 1.713430058455093528e-15
3.542130322384428469e-06 1.772632986171776580e-15
3.553178832116788482e-06 1.762229420016893799e-15
3.559785617734523272e-06 1.714994094506107538e-15
3.565535306839686587e-06 1.781367553736176632e-15
3.574606244931062677e-06 1.680693854858857596e-15
3.576909691808597249e-06 1.768545651440159366e-15
3.578891727493917517e-06 1.868421443455278049e-15
3.588092910643575963e-06 1.773960255943299843e-15
3.590370698644421580e-06 1.708590854428285942e-15
3.591123208975398807e-06 1.849468059746152064e-15
3.601628593313508304e-06 1.792844428748938934e-15
3.602997566909975881e-06 1.832312537253747923e-15
3.612211354420113319e-06 1.803600746814127869e-15
3.615139767504731117e-06 1.764931770709953853e-15
3.623430135557872894e-06 1.689125086090582841e-15
3.625837241023372145e-06 1.773513476936646289e-15
3.628107816301703414e-06 1.846658989388953963e-15
3.636210056772100672e-06 1.791697122763586069e-15
3.636507659727854328e-06 1.931391218498177446e-15
3.638011907395119098e-06 1.854218519758870320e-15
3.647727291159773106e-06 1.953462518161094168e-15
3.651068275920945762e-06 1.880420679483493096e-15
3.660315896188159037e-06 1.903347898182543004e-15
3.660583738848337623e-06 1.728744140721793536e-15
3.661642355076661806e-06 1.807000912330395113e-15
3.673922303325223172e-06 1.829383322145480734e-15
3.682636117869694198e-06 1.777647502339297259e-15
3.685272529936548957e-06 1.872367960784137665e-15
3.686966240875912488e-06 1.821010687185489693e-15
3.698028142741281536e-06 1.871825661686765935e-15
3.699469623239696277e-06 1.801731232316041155e-15
3.708099026763990451e-06 1.886215573007708235e-15
3.714717716499954930e-06 1.812328029314015201e-15
3.717812787239794725e-06 1.887133390100175613e-15
3.719619412241782209e-06 1.754912681175595885e-15
3.727812246553122541e-06 1.732312427737680928e-15
3.727946167883211623e-06 1.815866720682572410e-15
3.736870198333702030e-06 1.799905933500234644e-15
3.741807025547445309e-06 1.719612899302154732e-15
3.744597053257637258e-06 1.636249599605762016e-15
3.753346580156799044e-06 1.684779061273002895e-15
3.765565307225891443e-06 1.695787040329546477e-15
3.769060016220600262e-06 1.627587386061965107e-15
3.769442648592283957e-06 1.780043878774731106e-15
3.775666801838335053e-06 1.624739380266377781e-15
3.777630981346309941e-06 1.695804934834458884e-15
3.778648783454987721e-06 1.873913422056983889e-15
3.780886299831555158e-06 1.771779231241812323e-15
3.789951743714517286e-06 1.903431113496188978e-15
3.790398148148148404e-06 1.833748006551382763e-15
3.790594566098945469e-06 1.726464793338939944e-15
3.791773073803730825e-06 1.775086877174538658e-15
3.801558258988915773e-06 1.894070185306565149e-15
3.802607309407947969e-06 1.813919054392082361e-15
3.806772262773722762e-06 1.769512104811912929e-15
3.814117103721726635e-06 1.796052621841021875e-15
3.814164720194647084e-06 1.864825102356134319e-15
3.818021654501217032e-06 1.705191481641507264e-15
3.823164233576642501e-06 1.648932282166714686e-15
3.823699918896998826e-06 1.787164256974051108e-15
3.825306974858069497e-06 1.869661347730276237e-15
3.826378345498783842e-06 1.725574413005321762e-15
3.833036148766075894e-06 1.924358020649108611e-15
3.837306326034063385e-06 1.786982408543319882e-15
3.838788388753717241e-06 1.849545846660060160e-15
3.844591646390916696e-06 1.931372299394652246e-15
3.849003172558561458e-06 1.860478841422443635e-15
3.853028690186536870e-06 1.804061270932350898e-15
3.860305082454717491e-06 1.896181836129097446e-15
3.865893015600400969e-06 1.813763386758616584e-15
3.866447607461476630e-06 1.742201183908698277e-15
3.868697485806975061e-06 1.894853874644812328e-15
3.876411354420113263e-06 1.728822033085626853e-15
3.877000608272506576e-06 1.706235050608202880e-15
3.878804082184373888e-06 1.801082880001488527e-15
3.889094734543639635e-06 1.765538700667325964e-15
3.890534540336815659e-06 1.841661107526143472e-15
3.890660583941605582e-06 1.745867608690352989e-15
3.901629378596531951e-06 1.872839465122435527e-15
3.901951182232204152e-06 1.778942251349437357e-15
3.905659772911597942e-06 1.758810298146680385e-15
3.911373749662070497e-06 1.916251594656029465e-15
3.913159367396593276e-06 1.840276089258331428e-15
3.914689896883327207e-06 1.794418639201066452e-15
3.924532378813400446e-06 1.891097188259899077e-15
3.924623033252230839e-06 1.824596579706420614e-15
3.929497769667477297e-06 1.703141293858729946e-15
3.931678774186073086e-06 1.760641184053836023e-15
3.936976760870921962e-06 1.895854913243933437e-15
3.937158069748581052e-06 1.643363960969348160e-15
3.937800892133008812e-06 1.831964658763574760e-15
3.941015004055150154e-06 1.346151494553078664e-15
3.941372127602054371e-06 1.490430980527928066e-15
3.941818532035685489e-06 1.405476074462787922e-15
3.942086374695863652e-06 1.703570318110846684e-15
3.943514868883482214e-06 1.289974988166998880e-15
3.944994380720658037e-06 1.227659631942426783e-15
3.945695202117215318e-06 1.778342844602502753e-15
3.946371857258718491e-06 1.168831467739868181e-15
3.949432916232186354e-06 1.862512733494305003e-15
3.953004151701231912e-06 1.115938760602426224e-15
3.953692889970262562e-06 1.076709918142540728e-15
3.964840246398640193e-06 1.134068123554134365e-15
3.965962634688911799e-06 1.086168724409446390e-15
3.975451917506661498e-06 1.059988193159034934e-15
3.976638077858880527e-06 1.021271632199404581e-15
3.977052016515520353e-06 1.100043606041170537e-15
3.977155907001892320e-06 1.145234684577316907e-15
3.988544901570448894e-06 1.115106684564740173e-15
3.988814617256223034e-06 1.156918132724411811e-15
3.988934490894344403e-06 1.072399879946191456e-15
3.995654906731548717e-06 1.066542868925090880e-15
4.000105215546821604e-06 1.152513879454926458e-15
4.001011759935117055e-06 1.108005209934384825e-15
4.011230987585002127e-06 1.143232497600124381e-15
4.018019768856447753e-06 1.068293442353150014e-15
4.018086729521492082e-06 1.113122742238972957e-15
4.028197789943228102e-06 1.126256060756869246e-15
4.035831305758312940e-06 1.038281582187896741e-15
4.036682100090644920e-06 1.086028254347996539e-15
4.038688294133549217e-06 1.010163644417605258e-15
4.044295133819951184e-06 1.041944753188259306e-15
4.048546783625730610e-06 1.083093049730166042e-15
4.058222952149229199e-06 1.048752028434885529e-15
4.060034542505345182e-06 1.092678425267209401e-15
4.064008353609083275e-06 1.146716034911087437e-15
4.070524807976718903e-06 1.188773513449390694e-15
4.070710372172658964e-06 1.068566980900597805e-15
4.072463940358100574e-06 1.244460948465460374e-15
4.073984004685951290e-06 1.125777288718659955e-15
4.078016524736415501e-06 1.283430635312327896e-15
4.082600754881777046e-06 1.187704117413456240e-15
4.084816752275389088e-06 1.238266419919631203e-15
4.085721465260881013e-06 1.318704131834806606e-15
4.087792781832928182e-06 1.179624352295697087e-15
4.091721140848877958e-06 1.282772272497308921e-15
4.091792565558258632e-06 1.361734113151549400e-15
4.095139323369250038e-06 1.409689869870742439e-15
4.102256285482562523e-06 1.093130826785705900e-15
4.103625259079030100e-06 1.343214382542563767e-15
4.104934712084347539e-06 1.137958538224800196e-15
4.105202554744525702e-06 1.183135143027643638e-15
4.106006082725061037e-06 1.412832647798558452e-15
4.106095363611787091e-06 1.279478885387978793e-15
4.107220302784535883e-06 1.222367122378046548e-15
4.115172253762278026e-06 1.357115750086678683e-15
4.117505460935387666e-06 1.284115876266919885e-15
4.117638106824237732e-06 1.103561951695986825e-15
4.117638106824237732e-06 1.075586337076379583e-15
4.117638106824237732e-06 1.143220361624365579e-15
4.117791159772911209e-06 1.225069559721798229e-15
4.117791159772911209e-06 1.182782681581132819e-15
4.121297463687974183e-06 1.405128436815897754e-15
4.123148012976479547e-06 1.625105364349084184e-15
4.123148012976479547e-06 1.568730323386211561e-15
4.123267054158781517e-06 1.460071829198557497e-15
4.123454118873826502e-06 1.505947450840008489e-15
4.134575966477426349e-06 1.500863890931231944e-15
4.134835692693356689e-06 1.451513490167093712e-15
4.134933090024330566e-06 1.613396643133029677e-15
4.134933090024330566e-06 1.557427778688097840e-15
4.135097916276748614e-06 1.393165483075726210e-15
4.143504055150040244e-06 1.561023527351559874e-15
4.144789699918897458e-06 1.367679019990627099e-15
4.145799849380140718e-06 1.455650614436165992e-15
4.147010359065103217e-06 1.504280069575195492e-15
4.152610705596107095e-06 1.421418208761608146e-15
4.154386925342553135e-06 1.299810499052951206e-15
4.155289132197891264e-06 1.236473200597863056e-15
4.155765296927097451e-06 1.045204852389214167e-15
4.155824817518247589e-06 1.184204826124499441e-15
4.156360502838604762e-06 1.371260370439559462e-15
4.156360502838604762e-06 1.142712411991434730e-15
4.157342592592593053e-06 1.091269741140522207e-15
4.157431873479318260e-06 9.690526389973581413e-16
4.157431873479318260e-06 1.002727137608449391e-15
4.159574614760746103e-06 1.497506668935968988e-15
4.161230369387303712e-06 1.575837173639656799e-15
4.164127939983779105e-06 1.634816134669266430e-15
4.164127939983779105e-06 1.410136015062036023e-15
4.167788456339550717e-06 1.712453323717670550e-15
4.167877737226277618e-06 1.318621910330240218e-15
4.171665797705943231e-06 1.748398901011786264e-15
4.175645174371451961e-06 1.483904462429162360e-15
4.176716545012165459e-06 1.563594034792352379e-15
4.177175703858185046e-06 1.396336232389435439e-15
4.177787915652878957e-06 1.343227007861411381e-15
4.178502162746688238e-06 1.673020694227487833e-15
4.179287834549878193e-06 1.619047736034085579e-15
4.183721660739908344e-06 1.727690176491961038e-15
4.187235456757354379e-06 1.500298728422360009e-15
4.188903386050283299e-06 1.562175671833921020e-15
4.191228747327287586e-06 1.649167865888893915e-15
4.194365966619712619e-06 1.438491592506332719e-15
4.195806421883064057e-06 1.372746055181971467e-15
4.196179778318464768e-06 1.325233022814237307e-15
4.196215490673154681e-06 1.592201869169042298e-15
4.199674487313172740e-06 1.506100173824775856e-15
4.202215166261151625e-06 1.401959803092100894e-15
4.203500811030007992e-06 1.465743561687636936e-15
4.205911394971613998e-06 1.620416079605496308e-15
4.206286374695863595e-06 1.557426773066099539e-15
4.213602305642451602e-06 1.551328354247973383e-15
4.214393079210597622e-06 1.612619601302525352e-15
4.214393079210597622e-06 2.551152164630134056e+00
