# ADMX 2019 rescaled to fixed polarisation scenario 
#  m_X [eV]	chi
2.801448275862068918e-06 3.837857053891839065e+00
2.801448275862068918e-06 1.461181760558092752e-15
2.804960815047021853e-06 1.239356509163977563e-15
2.805384012539185056e-06 1.352012086848841937e-15
2.807034482758620405e-06 1.460681514652992538e-15
2.809362068965516964e-06 1.252779406599274994e-15
2.810106896551724252e-06 1.308937373351313648e-15
2.811224137931034549e-06 1.372953285888448633e-15
2.812620689655172315e-06 1.456544186000897086e-15
2.815134482758620378e-06 1.307708697184239432e-15
2.815879310344827243e-06 1.249879898172957839e-15
2.815879310344827243e-06 1.187849164238675189e-15
2.815879310344827243e-06 1.128896975657465684e-15
2.815879310344827243e-06 1.077431259477853565e-15
2.816810344827586036e-06 1.370230489471445535e-15
2.818206896551724225e-06 1.451192610222087955e-15
2.821931034482758550e-06 1.365811468853812648e-15
2.825189655172413478e-06 1.272465327492649788e-15
2.826785714285714205e-06 1.199146848970614365e-15
2.827517241379310460e-06 1.358783306007896182e-15
2.828913793103448226e-06 1.155599847888813083e-15
2.830775862068965388e-06 1.277759466561874362e-15
2.832903940886699409e-06 1.202371953083110101e-15
2.834127586206896703e-06 1.134067216868445073e-15
2.836268965517241334e-06 1.296863585480876276e-15
2.837293103448275667e-06 9.977215218311527358e-16
2.837293103448275667e-06 9.576370372766094396e-16
2.837642241379310215e-06 1.181241828761002349e-15
2.837758620689655064e-06 1.070636979475292058e-15
2.841575862068965352e-06 1.317151328947403835e-15
2.841948275862068785e-06 1.252503114750064185e-15
2.842879310344827578e-06 1.151875831102264747e-15
2.843810344827585947e-06 9.473708317667026088e-16
2.844431034482758758e-06 9.784736592980335373e-16
2.844741379310344740e-06 1.098642918540668173e-15
2.844741379310344740e-06 1.045595382867495698e-15
2.845465517241379262e-06 1.190553052984057901e-15
2.847068965517241298e-06 1.345641309723905459e-15
2.847068965517241298e-06 1.278857998642188158e-15
2.850637931034482632e-06 1.203045554929714176e-15
2.852655172413792785e-06 1.343006210032447227e-15
2.853120689655172182e-06 1.265364571230685807e-15
2.855913793103448137e-06 1.280316865415610025e-15
2.858520689655172164e-06 1.323302739885858854e-15
2.863827586206896605e-06 1.361621710085153702e-15
2.866288177339901382e-06 1.271052934232199984e-15
2.869413793103448092e-06 1.416855634096523432e-15
2.869480295566502413e-06 1.340807098195342548e-15
2.873137931034482840e-06 1.288940385574316501e-15
2.875000000000000002e-06 1.414102643239268139e-15
2.875000000000000002e-06 1.344872114251161670e-15
2.880586206896551489e-06 1.397953887740378398e-15
2.880586206896551489e-06 1.342738623885989221e-15
2.885839901477832644e-06 1.396889494880915133e-15
2.887452586206896316e-06 1.337416427982784451e-15
2.887568965517241165e-06 1.300761790776490908e-15
2.892948275862068805e-06 1.369367216913428976e-15
2.898275862068965589e-06 1.352590792551005784e-15
2.903862068965517075e-06 1.362935246241268181e-15
2.903862068965517075e-06 1.301719846349591921e-15
2.909215517241379287e-06 1.272281260935076873e-15
2.909448275862068986e-06 1.350734992933256065e-15
2.911568965517241274e-06 1.202551269332496426e-15
2.914103448275862103e-06 1.284369443110687307e-15
2.915499999999999869e-06 1.334419577343882824e-15
2.920620689655172382e-06 1.327614069339930842e-15
2.926206896551723869e-06 1.338733328741273971e-15
2.931443965517241232e-06 1.349157239494661542e-15
2.933003448275862040e-06 1.296279571088068462e-15
2.934586206896551734e-06 1.238965908774912466e-15
2.937379310344827689e-06 1.360785759847734605e-15
2.938682758620689491e-06 1.276331091694791111e-15
2.942965517241379176e-06 1.344825802691042163e-15
2.943896551724137969e-06 1.277452952854561365e-15
2.944943965517241187e-06 1.210408684974911975e-15
2.946037931034482599e-06 1.139228387412573178e-15
2.947853448275861991e-06 1.114396877512056057e-15
2.949482758620689455e-06 1.332400938723920401e-15
2.949948275862068852e-06 1.253383758020816797e-15
2.952182758620689447e-06 1.131084872947411674e-15
2.952741379310344807e-06 1.190823842148490867e-15
2.953672413793103176e-06 1.315545281351516449e-15
2.956279310344827627e-06 1.263363545004355533e-15
2.958073667711598711e-06 1.181568068063421362e-15
2.961586206896551645e-06 1.261099710973475434e-15
2.963115763546798052e-06 1.193545909227954834e-15
2.966241379310344762e-06 1.159160202722855817e-15
2.967327586206896546e-06 1.258659652847597643e-15
2.970896551724137880e-06 1.118727799901025309e-15
2.971827586206896249e-06 1.322382770311436859e-15
2.971827586206896249e-06 1.196917819463201384e-15
2.973091133004925797e-06 1.250144331237429941e-15
2.977480295566502480e-06 1.236256610484332507e-15
2.977879310344827556e-06 1.316201234725314436e-15
2.982844827586206655e-06 1.322475652403525801e-15
2.986351724137930961e-06 1.193625561187208883e-15
2.986724137931034394e-06 1.271884540888003605e-15
2.988586206896551556e-06 1.337469846967997970e-15
2.989982758620689322e-06 1.212577145730103976e-15
2.992521943573667694e-06 1.247100653723216764e-15
2.994172413793103466e-06 1.334974538665562348e-15
2.997741379310344800e-06 1.254729350316658527e-15
2.999758620689654953e-06 1.332488523983187632e-15
3.003017241379310304e-06 1.241724173547817147e-15
3.005344827586206863e-06 1.302099684220355213e-15
3.008349529780564208e-06 1.181247644501999255e-15
3.011263546798029529e-06 1.266114854944669978e-15
3.011280172413792897e-06 9.651607975841370870e-16
3.011396551724137746e-06 1.115448781584251640e-15
3.012327586206896539e-06 1.033677787692845597e-15
3.013258620689654908e-06 8.144318612316324220e-16
3.014189655172413701e-06 8.292847262101395237e-16
3.014306034482758550e-06 1.200244142339249276e-15
3.014375862068965629e-06 8.854627338348937556e-16
3.015027586206896530e-06 1.331376068545586289e-15
3.015120689655172494e-06 1.001974476215363851e-15
3.015120689655172494e-06 9.522471286246742263e-16
3.016051724137930863e-06 1.039542506577012298e-15
3.016583743842364157e-06 1.111508173458190218e-15
3.019310344827586215e-06 1.236989604575923841e-15
3.019310344827586215e-06 1.177262054278464970e-15
3.020241379310344584e-06 1.369134535302166460e-15
3.020573891625615763e-06 1.293181679735707670e-15
3.025827586206896494e-06 1.366606873508653434e-15
3.025827586206896494e-06 1.298783055006331020e-15
3.026199999999999927e-06 1.218050253126192754e-15
3.031347290640394084e-06 1.288585715994631015e-15
3.031413793103447981e-06 1.364088527527963850e-15
3.031506896551723945e-06 1.235152533967677392e-15
3.036068965517241098e-06 1.194170751853399607e-15
3.036534482758620495e-06 1.228235100888530434e-15
3.036999999999999891e-06 1.344362036996506219e-15
3.036999999999999891e-06 1.277642215395902650e-15
3.042543887147335185e-06 1.238002299358879707e-15
3.042586206896551801e-06 1.324925299781200428e-15
3.046310344827586126e-06 1.196906565193752309e-15
3.048172413793103288e-06 1.315038370694296662e-15
3.048770935960590902e-06 1.237721805977732936e-15
3.051431034482758639e-06 1.199553338320497706e-15
3.053758620689655198e-06 1.308925960849483573e-15
3.054107758620689322e-06 1.230701760917661321e-15
3.058181034482758617e-06 1.191207452754686257e-15
3.059344827586206685e-06 1.288191791403370738e-15
3.059810344827586081e-06 1.227539930677785382e-15
3.061051724137930856e-06 1.109837967205415944e-15
3.063534482758620406e-06 1.170704587198618486e-15
3.064931034482758595e-06 1.257080019338613597e-15
3.067165517241379190e-06 1.097957977569381467e-15
3.068655172413792919e-06 1.186512238966774852e-15
3.070517241379310082e-06 1.248598473096356849e-15
3.070517241379310082e-06 1.075565953076961409e-15
3.070982758620689478e-06 1.128366098334443206e-15
3.075172413793103199e-06 1.174825555590639894e-15
3.076568965517241388e-06 1.246583016501278905e-15
3.077633004926108398e-06 1.007537456598384901e-15
3.078275862068965559e-06 9.086283870982777408e-16
3.078431034482758550e-06 1.077361388579978746e-15
3.078431034482758550e-06 8.212161407985480831e-16
3.078431034482758550e-06 7.882229408008552199e-16
3.079051724137930938e-06 9.646624624369813839e-16
3.079362068965517343e-06 8.749029543872817142e-16
3.080293103448275713e-06 1.143801966623841192e-15
3.081689655172413478e-06 1.286104888914903524e-15
3.081689655172413478e-06 1.222276332033170737e-15
3.082620689655172271e-06 1.054435609754214838e-15
3.082620689655172271e-06 9.968051341265126691e-16
3.082775862068965262e-06 9.353080487818170905e-16
3.083551724137931064e-06 1.103298661144767972e-15
3.085413793103448226e-06 1.181737392725635149e-15
3.086500000000000010e-06 1.218647041399459690e-15
3.087648275862068821e-06 1.292364635246325875e-15
3.089137931034482551e-06 1.389708383001452796e-15
3.090534482758620317e-06 1.326690707653649928e-15
3.090534482758620317e-06 3.478866871284186590e+00
