# ADMX 2018 rescaled to fixed polarisation scenario 
#  m_X [eV]	chi
2.667590909090909123e-06 3.606180784195692546e+00
2.667590909090909123e-06 1.308503284865476203e-15
2.668031034482758634e-06 1.405683084339150150e-15
2.668310344827586103e-06 1.214011945468056837e-15
2.672965517241379220e-06 1.295539503555022215e-15
2.674362068965516986e-06 1.371760829249309389e-15
2.675293103448275779e-06 1.207423888761285932e-15
2.678551724137930707e-06 1.032973099129303980e-15
2.678810344827586256e-06 1.301516406415371822e-15
2.680214285714285754e-06 8.297432201461755917e-16
2.680413793103448292e-06 9.211991440962904295e-16
2.680413793103448292e-06 8.754806241877332611e-16
2.680646551724137991e-06 1.199911815800269683e-15
2.680746305418719048e-06 1.087013874309778636e-15
2.680746305418719048e-06 9.746820600552292539e-16
2.681344827586206662e-06 1.135238158239477049e-15
2.682741379310344851e-06 7.467393592490995728e-16
2.683206896551723824e-06 7.921518003948568665e-16
2.684137931034482617e-06 1.261821968275784059e-15
2.684417241379310085e-06 1.024178503154052941e-15
2.684869458128078872e-06 7.144544114955213189e-16
2.685999999999999779e-06 1.192451235587964908e-15
2.685999999999999779e-06 1.077027157122884639e-15
2.685999999999999779e-06 9.727756260055702660e-16
2.685999999999999779e-06 9.244973985353042171e-16
2.685999999999999779e-06 8.786151883843025684e-16
2.685999999999999779e-06 8.350100827569866441e-16
2.686775862068965581e-06 6.882464257760521158e-16
2.687163793103448270e-06 6.084936424992651644e-16
2.687263546798029327e-06 1.128626694238092661e-15
2.687396551724137968e-06 7.931566786409638042e-16
2.687396551724137968e-06 7.537928237834688557e-16
2.687396551724137968e-06 6.470398633995509916e-16
2.687862068965516941e-06 1.022865891766139408e-15
2.687862068965516941e-06 5.843080116023485551e-16
2.687862068965516941e-06 5.576697700842628577e-16
2.689956896551724225e-06 1.242292331378719708e-15
2.690655172413792896e-06 1.404547077518605924e-15
2.690655172413792896e-06 1.341462707770223332e-15
2.695310344827586014e-06 1.259259569384441535e-15
2.697358620689655104e-06 1.034071648283624996e-15
2.697637931034482572e-06 1.078463210885282772e-15
2.698103448275861969e-06 1.131381878508607294e-15
2.698568965517241365e-06 1.209486116882111646e-15
2.703689655172413879e-06 1.184649285712869305e-15
2.703689655172413879e-06 1.125855905040920843e-15
2.703689655172413879e-06 1.069980401965768023e-15
2.708943349753694610e-06 9.278448190169949293e-16
2.709275862068965365e-06 1.139533904690182065e-15
2.709275862068965365e-06 1.082979571306419506e-15
2.709275862068965365e-06 1.029231993045358870e-15
2.709275862068965365e-06 9.781518724589141389e-16
2.710539408866994914e-06 8.866339185536296014e-16
2.710672413793103131e-06 8.274098599567828413e-16
2.711417241379310420e-06 6.385930552386870556e-16
2.712068965517241320e-06 7.532992289702458965e-16
2.712068965517241320e-06 7.159134736561052362e-16
2.712348275862068789e-06 6.757113689836801629e-16
2.712720689655172221e-06 7.937926233308814035e-16
2.714862068965517276e-06 1.156649314853964783e-15
2.714862068965517276e-06 1.099245554692799495e-15
2.714862068965517276e-06 1.044690706157934896e-15
2.714862068965517276e-06 9.928433796011767357e-16
2.714862068965517276e-06 9.435692024514479902e-16
2.715327586206896248e-06 8.915300301950704199e-16
2.715327586206896248e-06 8.487228390309831782e-16
2.716724137931034438e-06 7.980207707492430857e-16
2.719982758620689366e-06 1.186956223264487029e-15
2.720448275862068762e-06 1.260033656868378418e-15
2.722310344827585924e-06 1.137289452726257226e-15
2.726034482758620672e-06 1.257451588025007503e-15
2.726034482758620672e-06 1.195045076002495544e-15
2.727697044334975297e-06 1.130238932323718772e-15
2.728175862068965303e-06 1.078522714162846534e-15
2.729426108374384241e-06 6.834710884412374179e-16
2.729758620689654997e-06 9.721859830474123350e-16
2.729758620689654997e-06 9.239370191771988725e-16
2.729758620689654997e-06 8.787036346735014131e-16
2.729970219435736387e-06 7.352015136931560822e-16
2.730091133004925752e-06 1.029254925697080895e-15
2.730224137931034393e-06 6.527539900531956302e-16
2.730689655172413790e-06 7.916974127687233953e-16
2.731022167487684545e-06 8.383407345079942540e-16
2.733762068965517213e-06 1.052837270038528227e-15
2.733948275862068718e-06 1.118128209349351681e-15
2.735344827586206907e-06 9.458189802810851825e-16
2.735344827586206907e-06 8.988785937674870556e-16
2.735544334975369445e-06 1.000176141283564965e-15
2.739068965517241231e-06 1.075753515002181925e-15
2.739534482758620628e-06 1.145827345589321112e-15
2.744655172413793142e-06 1.104357312675223710e-15
2.745120689655172538e-06 1.170487769018554109e-15
2.746051724137930907e-06 8.295525971657229186e-16
2.746517241379310304e-06 9.827889555367714612e-16
2.746517241379310304e-06 9.340137729743731006e-16
2.746517241379310304e-06 8.876592712922349666e-16
2.746982758620689700e-06 1.045328504930459782e-15
2.750241379310344628e-06 1.194618724620451711e-15
2.750241379310344628e-06 1.135330567119741973e-15
2.754431034482758349e-06 1.240973620858674175e-15
2.756106896551724007e-06 1.095113401561714185e-15
2.756293103448275935e-06 1.163273407038444629e-15
2.759551724137930863e-06 1.263435500400882051e-15
2.761413793103448025e-06 1.199922336351181227e-15
2.761413793103448025e-06 1.140370964017878087e-15
2.761413793103448025e-06 1.083775087919080313e-15
2.763076354679802649e-06 9.741403768668480296e-16
2.763275862068965611e-06 1.029293958006062046e-15
2.764672413793103376e-06 9.291931807861147200e-16
2.764672413793103376e-06 8.830779219879278284e-16
2.764672413793103376e-06 8.392513337676151026e-16
2.764672413793103376e-06 7.841805342464857398e-16
2.765137931034482773e-06 1.260883073620837959e-15
2.766999999999999935e-06 1.134854843509932475e-15
2.766999999999999935e-06 1.078532728917398352e-15
2.767199507389162473e-06 1.200319521910063423e-15
2.768396551724137701e-06 9.739194316352967853e-16
2.769094827586206796e-06 8.031106807739396250e-16
2.769194581280788276e-06 1.018417130591690658e-15
2.769327586206896494e-06 8.473718863580837626e-16
2.769513793103447998e-06 9.057942651689226250e-16
2.769793103448275890e-06 7.695616400022931457e-16
2.770724137931034260e-06 1.407054374764625459e-15
2.770724137931034260e-06 1.348616260460918898e-15
2.771003448275862152e-06 1.504864690196794276e-15
2.772120689655172449e-06 1.135966453785732091e-15
2.772120689655172449e-06 1.079589170691526521e-15
2.772586206896551845e-06 1.195932341496701124e-15
2.772741379310344836e-06 1.012809010453683338e-15
2.776310344827586170e-06 1.539400242726169659e-15
2.782362068965517053e-06 1.540946655598287625e-15
2.785155172413793008e-06 1.170229197609784621e-15
2.786551724137930774e-06 1.083148599900548024e-15
2.786551724137930774e-06 1.029392632859281442e-15
2.786551724137930774e-06 9.604858922595503680e-16
2.787482758620689567e-06 1.408517976162375922e-15
2.787482758620689567e-06 1.261432227812406926e-15
2.788746305418719115e-06 1.354322698546635596e-15
2.790275862068965522e-06 1.197628116184776035e-15
2.790275862068965522e-06 1.138190604519955412e-15
2.791206896551723891e-06 1.009314650654548439e-15
2.792337438423645222e-06 1.075676857171798495e-15
2.793327586206896603e-06 1.367667235065155277e-15
2.793401477832512232e-06 1.261049949013940888e-15
2.794465517241379242e-06 1.189088115511606377e-15
2.794465517241379242e-06 1.134878322425905371e-15
2.794465517241379242e-06 3.442452596786800267e+00
