# CAPP-MAX rescaled to fixed polarisation scenario 
#  m_X [eV]	chi
4.246185567010309185e-06 3.997975120179917852e+00
4.246185567010309185e-06 8.577420253932265333e-15
4.246185567010309185e-06 7.773287105126113881e-15
4.247628865979380778e-06 8.398723998642007702e-15
4.249072164948453217e-06 7.862635232771241119e-15
4.250515463917525656e-06 8.577420253932265333e-15
4.251958762886597248e-06 7.773287105126113881e-15
4.251958762886597248e-06 7.773287105126113881e-15
4.253402061855669688e-06 7.862635232771241119e-15
4.253402061855669688e-06 7.862635232771241119e-15
4.254845360824742127e-06 8.041331488061497172e-15
4.257731958762886159e-06 7.862635232771241119e-15
4.259175257731958598e-06 8.130679615706625988e-15
4.259175257731958598e-06 8.398723998642006124e-15
4.263505154639175069e-06 8.488072126287139673e-15
4.263505154639175069e-06 7.951983360416373090e-15
4.264948453608247508e-06 7.862635232771241119e-15
4.266391752577319100e-06 7.951983360416371512e-15
4.267835051546391540e-06 7.683938977480983487e-15
4.269278350515463979e-06 8.756116509222516654e-15
4.272164948453608010e-06 7.951983360416371512e-15
4.272164948453608010e-06 3.973663109313959385e+00
4.289484536082473894e-06 3.957618709141763169e+00
4.290206185567009690e-06 8.398723998642004546e-15
4.292371134020617925e-06 8.488072126287138095e-15
4.293814432989690365e-06 7.594590849835859405e-15
4.295257731958762804e-06 8.845464636867645469e-15
4.298144329896906836e-06 7.862635232771241119e-15
4.299587628865979275e-06 8.398723998642006124e-15
4.299587628865979275e-06 9.024160892157903101e-15
4.301030927835050867e-06 7.415894594545603351e-15
4.302474226804123306e-06 7.773287105126115458e-15
4.303917525773195746e-06 8.130679615706627566e-15
4.303917525773195746e-06 7.773287105126115458e-15
4.306804123711339777e-06 7.683938977480983487e-15
4.309690721649483809e-06 8.220027743351751648e-15
4.309690721649483809e-06 8.488072126287139673e-15
4.312577319587628687e-06 7.683938977480985065e-15
4.314020618556700280e-06 7.594590849835857827e-15
4.315463917525772719e-06 8.309375870996878886e-15
4.316907216494845158e-06 8.130679615706625988e-15
4.318350515463916751e-06 8.488072126287139673e-15
4.319793814432989190e-06 8.130679615706625988e-15
4.321237113402061629e-06 3.395228850514855948e-15
4.322680412371133221e-06 3.127184467579465162e-15
4.324123711340205661e-06 2.680443829353832128e-15
4.325567010309278100e-06 3.037836339934339896e-15
4.327010309278350539e-06 2.859140084644083448e-15
4.328453608247422132e-06 3.216532595224599894e-15
4.329896907216494571e-06 2.769791956998958182e-15
4.331340206185567010e-06 3.127184467579465162e-15
4.332783505154638602e-06 2.680443829353832128e-15
4.334226804123711042e-06 2.948488212289214236e-15
4.335670103092783481e-06 2.769791956998957788e-15
4.337113402061855073e-06 3.037836339934339896e-15
4.338556701030927513e-06 3.037836339934340685e-15
4.339999999999999952e-06 2.948488212289213842e-15
4.341443298969071544e-06 3.037836339934339896e-15
4.342886597938143983e-06 2.948488212289214236e-15
4.344329896907216423e-06 2.859140084644083843e-15
4.345773195876288015e-06 2.680443829353831339e-15
4.348659793814432894e-06 3.037836339934340291e-15
4.350103092783504486e-06 2.769791956998958182e-15
4.351546391752576925e-06 2.859140084644083448e-15
4.352989690721649364e-06 2.769791956998958577e-15
4.354432989690720957e-06 2.501747574063575680e-15
4.355876288659793396e-06 2.769791956998958182e-15
4.355876288659793396e-06 2.501747574063576074e-15
4.357319587628865835e-06 2.591095701708701340e-15
4.358762886597937428e-06 2.769791956998957788e-15
4.358762886597937428e-06 2.501747574063576074e-15
4.360206185567009867e-06 2.680443829353831733e-15
4.361649484536082306e-06 2.501747574063575680e-15
4.363092783505154745e-06 2.591095701708701734e-15
4.364536082474226338e-06 2.769791956998957788e-15
4.364536082474226338e-06 2.501747574063576074e-15
4.365979381443298777e-06 2.591095701708701340e-15
4.367422680412371216e-06 2.501747574063575680e-15
4.370309278350515248e-06 2.680443829353832128e-15
4.374639175257731719e-06 2.412399446418450019e-15
4.376082474226804158e-06 2.680443829353832128e-15
4.378969072164948190e-06 2.501747574063576074e-15
4.378969072164948190e-06 2.859140084644083843e-15
4.381855670103092221e-06 2.591095701708702129e-15
4.383298969072164660e-06 2.769791956998957788e-15
4.384742268041237100e-06 2.501747574063576074e-15
4.386185567010308692e-06 2.680443829353832522e-15
4.389072164948453571e-06 2.412399446418450019e-15
4.390515463917525163e-06 2.501747574063575680e-15
4.391958762886597602e-06 2.501747574063576074e-15
4.393402061855670041e-06 2.412399446418450414e-15
4.394845360824741634e-06 2.591095701708701734e-15
4.396288659793814073e-06 2.859140084644083448e-15
4.397731958762886512e-06 2.591095701708701734e-15
4.399175257731958104e-06 2.323051318773324359e-15
4.400618556701030544e-06 2.501747574063576074e-15
4.402061855670102983e-06 2.323051318773324359e-15
4.403505154639174575e-06 2.233703191128189233e-15
4.404948453608247015e-06 2.323051318773324359e-15
4.406391752577319454e-06 2.680443829353832522e-15
4.407835051546391046e-06 2.323051318773324359e-15
4.409278350515463486e-06 2.591095701708702129e-15
4.409278350515463486e-06 2.412399446418450808e-15
4.410721649484535925e-06 2.591095701708701734e-15
4.412164948453607517e-06 2.412399446418450414e-15
4.415051546391752396e-06 2.591095701708702129e-15
4.416494845360823988e-06 2.233703191128189627e-15
4.417938144329896427e-06 2.323051318773324359e-15
4.419381443298968867e-06 2.412399446418450808e-15
4.420824742268041306e-06 2.412399446418454753e-15
4.422268041237112898e-06 2.859140084644083448e-15
4.423711340206185337e-06 2.769791956998958577e-15
4.426597938144329369e-06 2.948488212289214631e-15
4.428041237113401808e-06 3.127184467579465162e-15
4.429484536082474248e-06 3.037836339934340291e-15
4.432371134020618279e-06 2.948488212289214631e-15
4.433814432989690718e-06 2.591095701708702129e-15
4.436701030927834750e-06 2.680443829353831733e-15
4.438144329896907189e-06 2.948488212289214631e-15
4.439587628865978781e-06 2.591095701708701340e-15
4.441030927835051221e-06 2.769791956998958182e-15
4.442474226804123660e-06 2.948488212289213842e-15
4.443917525773195252e-06 2.680443829353832522e-15
4.444639175257731895e-06 2.323051318773324359e-15
4.445360824742267692e-06 2.859140084644083448e-15
4.446804123711340131e-06 3.037836339934340291e-15
4.448247422680411723e-06 2.859140084644083054e-15
4.449690721649484162e-06 2.769791956998958182e-15
4.451134020618556602e-06 2.859140084644083448e-15
4.452577319587628194e-06 2.591095701708702129e-15
4.454020618556700633e-06 2.948488212289214236e-15
4.455463917525773073e-06 2.591095701708701734e-15
4.456907216494844665e-06 2.769791956998958182e-15
4.458350515463917104e-06 2.591095701708702129e-15
4.459793814432989543e-06 2.680443829353832128e-15
4.461237113402061983e-06 2.769791956998958182e-15
4.462680412371133575e-06 2.859140084644083054e-15
4.464123711340206014e-06 3.037836339934340291e-15
4.465567010309278454e-06 2.412399446418450414e-15
4.467010309278350046e-06 2.144355063483059628e-15
4.469896907216494924e-06 2.055006935837933179e-15
4.472783505154638956e-06 2.144355063483059628e-15
4.474226804123711395e-06 2.323051318773324359e-15
4.477113402061855427e-06 2.055006935837933573e-15
4.478556701030927866e-06 1.876310680547682253e-15
4.479999999999999458e-06 2.055006935837933179e-15
4.482886597938144337e-06 2.233703191128189233e-15
4.485773195876288369e-06 2.055006935837933573e-15
4.490103092783504839e-06 1.965658808192807913e-15
4.492989690721648871e-06 2.055006935837933573e-15
4.494432989690721310e-06 2.144355063483059234e-15
4.495876288659793750e-06 2.144355063483059628e-15
4.497319587628865342e-06 2.055006935837933573e-15
4.498762886597937781e-06 1.420635229557531446e-14
4.501649484536081813e-06 1.420635229557531604e-14
4.501649484536081813e-06 2.859140084644083448e-15
4.504536082474226691e-06 2.412399446418450808e-15
4.505979381443298284e-06 2.233703191128189233e-15
4.507422680412370723e-06 2.144355063483059628e-15
4.508865979381443162e-06 1.608266297612300144e-15
4.510309278350514754e-06 1.518918169967165215e-15
4.511752577319587194e-06 1.786962552902551859e-15
4.514639175257731225e-06 1.608266297612300144e-15
4.518969072164948543e-06 1.608266297612300144e-15
4.519690721649484339e-06 1.697614425257426396e-15
4.521855670103092575e-06 1.518918169967170145e-15
4.524742268041236606e-06 1.608266297612299947e-15
4.524742268041236606e-06 1.697614425257426002e-15
4.526185567010309046e-06 3.750651404199399686e+00
4.527628865979381485e-06 3.749455786920407707e+00
4.528350515463917281e-06 2.323051318773324754e-15
4.529072164948453077e-06 1.876310680547681858e-15
4.530515463917525516e-06 1.518918169967169948e-15
4.531237113402061313e-06 1.652940361434874413e-15
4.533402061855669548e-06 1.608266297612300144e-15
4.536288659793814427e-06 1.518918169967170145e-15
4.537731958762886019e-06 1.697614425257425805e-15
4.540618556701030897e-06 1.518918169967169948e-15
4.542061855670102490e-06 1.697614425257426002e-15
4.544948453608247368e-06 1.697614425257425805e-15
4.546391752577319808e-06 1.429570042322043894e-15
4.549278350515463839e-06 1.697614425257426002e-15
4.552164948453607871e-06 1.340221914676909161e-15
4.553608247422680310e-06 1.786962552902551859e-15
4.556494845360824342e-06 1.250873787031783501e-15
4.557216494845360138e-06 1.072177531741536717e-15
4.559381443298969220e-06 1.608266297612300144e-15
4.563711340206185691e-06 1.697614425257425607e-15
4.566597938144329723e-06 1.697614425257425805e-15
4.572371134020618633e-06 1.786962552902551465e-15
4.575257731958762664e-06 1.608266297612300342e-15
4.579587628865979135e-06 1.518918169967170145e-15
4.582474226804123167e-06 1.697614425257425805e-15
4.586804123711339638e-06 1.786962552902551859e-15
4.589690721649484516e-06 1.608266297612300342e-15
4.592577319587628548e-06 1.965658808192807913e-15
4.594020618556700987e-06 2.055006935837933573e-15
4.595463917525772579e-06 2.055006935837933573e-15
4.598350515463917458e-06 2.591095701708702129e-15
4.598350515463917458e-06 2.055006935837933968e-15
4.601237113402061489e-06 2.233703191128189627e-15
4.602680412371133929e-06 2.144355063483059234e-15
4.607010309278350400e-06 2.144355063483059628e-15
4.607010309278350400e-06 1.965658808192807913e-15
4.608453608247421992e-06 1.965658808192807913e-15
4.611340206185566870e-06 2.233703191128189233e-15
4.612783505154638463e-06 2.144355063483059628e-15
4.615670103092783341e-06 2.144355063483059628e-15
4.617113402061855781e-06 2.323051318773324754e-15
4.619999999999999812e-06 2.144355063483059234e-15
4.622886597938143844e-06 1.965658808192807913e-15
4.624329896907216283e-06 2.501747574063576074e-15
4.625051546391752079e-06 2.769791956998958182e-15
4.625773195876288722e-06 2.859140084644083448e-15
4.628659793814432754e-06 2.948488212289213842e-15
4.630103092783505193e-06 2.769791956998958182e-15
4.631546391752576785e-06 2.591095701708702129e-15
4.632989690721649225e-06 2.680443829353832522e-15
4.635876288659793256e-06 2.948488212289214236e-15
4.635876288659793256e-06 2.501747574063576074e-15
4.638762886597938135e-06 2.948488212289214236e-15
4.638762886597938135e-06 3.127184467579464768e-15
4.638762886597938135e-06 3.663273233450234112e-15
4.641649484536082166e-06 1.188330097680199049e-14
4.643092783505154606e-06 1.107916782799584377e-14
4.643814432989690402e-06 1.134721221093122233e-14
4.644536082474226198e-06 1.045373093447994680e-14
4.647422680412371077e-06 1.134721221093122391e-14
4.648865979381443516e-06 1.072177531741533324e-14
4.650309278350515108e-06 1.116851595564097259e-14
4.651752577319587547e-06 1.054307906212507088e-14
4.651752577319587547e-06 1.090047157270558299e-14
4.653195876288659987e-06 1.098981970035071180e-14
4.653195876288659987e-06 1.277678225325326445e-14
4.654639175257731579e-06 1.063242718977020285e-14
4.657525773195876458e-06 1.152590846622148154e-14
4.658969072164948050e-06 1.125786408328609667e-14
4.658969072164948050e-06 1.179395284915686483e-14
4.660412371134020489e-06 1.090047157270558456e-14
4.660412371134020489e-06 1.188330097680198892e-14
4.661855670103092928e-06 1.152590846622148312e-14
4.663298969072164521e-06 1.268743412560814037e-14
4.664742268041236960e-06 1.224069348738250260e-14
4.666185567010309399e-06 1.277678225325326603e-14
4.667628865979380992e-06 1.152590846622148154e-14
4.668350515463917635e-06 1.268743412560814352e-14
4.669072164948453431e-06 3.635871036652030153e+00
4.693608247422679817e-06 3.616864330740872990e+00
4.695051546391752256e-06 3.752621361095362928e-15
4.696494845360824695e-06 4.110013871675875824e-15
4.696494845360824695e-06 4.646102637546640041e-15
4.697938144329896287e-06 3.841969488740490166e-15
4.700824742268041166e-06 4.556754509901513592e-15
4.700824742268041166e-06 4.110013871675875035e-15
4.702268041237112758e-06 4.110013871675875824e-15
4.703711340206185198e-06 4.646102637546640041e-15
4.705154639175257637e-06 4.020665744030746220e-15
4.706597938144329229e-06 4.556754509901514381e-15
4.707319587628865872e-06 4.869472956659460502e-15
4.709484536082474108e-06 4.199361999321007006e-15
4.710206185567009904e-06 3.663273233450234112e-15
4.712371134020618139e-06 4.199361999321007006e-15
4.712371134020618139e-06 3.395228850514856343e-15
4.713814432989690579e-06 2.859140084644083448e-15
4.715257731958762171e-06 2.769791956998958182e-15
4.715257731958762171e-06 2.859140084644083843e-15
4.716701030927834610e-06 2.591095701708701734e-15
4.718144329896907049e-06 3.395228850514855554e-15
4.719587628865979489e-06 3.037836339934340685e-15
4.719587628865979489e-06 3.127184467579464768e-15
4.721030927835051081e-06 3.037836339934339502e-15
4.722474226804123520e-06 3.573925105805107663e-15
4.723917525773195960e-06 3.752621361095363717e-15
4.725360824742267552e-06 3.305880722869725949e-15
4.726804123711339991e-06 4.020665744030744642e-15
4.728247422680412430e-06 3.752621361095362928e-15
4.729690721649484023e-06 3.663273233450234112e-15
4.731134020618556462e-06 3.216532595224600683e-15
4.731134020618556462e-06 3.395228850514856343e-15
4.732577319587628901e-06 3.752621361095363717e-15
4.733298969072164697e-06 4.110013871675875824e-15
4.734020618556700494e-06 4.467406382256388720e-15
4.736907216494845372e-06 3.841969488740489377e-15
4.739793814432989404e-06 4.110013871675875824e-15
4.739793814432989404e-06 3.752621361095363717e-15
4.745567010309278314e-06 3.931317616385615826e-15
4.748453608247422345e-06 3.305880722869726344e-15
4.749896907216494785e-06 4.646102637546640041e-15
4.751340206185566377e-06 4.378058254611258327e-15
4.752783505154638816e-06 3.395228850514856343e-15
4.755670103092783695e-06 3.752621361095364506e-15
4.755670103092783695e-06 2.591095701708702129e-15
4.757113402061855287e-06 2.323051318773324359e-15
4.758556701030927726e-06 2.591095701708701734e-15
4.761443298969071758e-06 2.323051318773324359e-15
4.761443298969071758e-06 2.501747574063576074e-15
4.762886597938144197e-06 2.501747574063575680e-15
4.765773195876288229e-06 2.323051318773324359e-15
4.765773195876288229e-06 2.501747574063575680e-15
4.768659793814433107e-06 2.412399446418450414e-15
4.771546391752577139e-06 2.412399446418450414e-15
4.771546391752577139e-06 2.680443829353832522e-15
4.774432989690721171e-06 2.680443829353831733e-15
4.775876288659793610e-06 2.412399446418450414e-15
4.777319587628866049e-06 2.591095701708701734e-15
4.780206185567010081e-06 2.412399446418450414e-15
4.783092783505154112e-06 2.323051318773324359e-15
4.783092783505154112e-06 2.501747574063575680e-15
4.785979381443298991e-06 2.591095701708701734e-15
4.787422680412370583e-06 2.591095701708702129e-15
4.788865979381443022e-06 2.412399446418450808e-15
4.790309278350515462e-06 2.769791956998958577e-15
4.791752577319587054e-06 2.412399446418450019e-15
4.793195876288659493e-06 2.501747574063576469e-15
4.796082474226803525e-06 2.323051318773324359e-15
4.797525773195875964e-06 2.501747574063575680e-15
4.798969072164948403e-06 2.769791956998958182e-15
4.800412371134019996e-06 2.501747574063576074e-15
4.801855670103092435e-06 2.591095701708701734e-15
4.804742268041237314e-06 2.412399446418450808e-15
4.806185567010308906e-06 2.859140084644083448e-15
4.807628865979381345e-06 2.680443829353832128e-15
4.809072164948453784e-06 2.680443829353831733e-15
4.809072164948453784e-06 2.591095701708701734e-15
4.810515463917525377e-06 2.948488212289214236e-15
4.811958762886597816e-06 2.859140084644083448e-15
4.814845360824741848e-06 2.501747574063576074e-15
4.814845360824741848e-06 2.680443829353831733e-15
4.816288659793814287e-06 2.233703191128189233e-15
4.817731958762886726e-06 2.680443829353831733e-15
4.819175257731958318e-06 2.591095701708702129e-15
4.820618556701030758e-06 2.591095701708701734e-15
4.822061855670103197e-06 2.680443829353832522e-15
4.823505154639174789e-06 2.680443829353832128e-15
4.824948453608247229e-06 2.412399446418450414e-15
4.827113402061855464e-06 2.680443829353832128e-15
4.829278350515463699e-06 2.859140084644083448e-15
4.829278350515463699e-06 2.412399446418450808e-15
4.832164948453608578e-06 2.680443829353831733e-15
4.832164948453608578e-06 2.769791956998958182e-15
4.833608247422680170e-06 2.680443829353832128e-15
4.836494845360825049e-06 2.769791956998958577e-15
4.838659793814432437e-06 2.367725382595880484e-15
4.839381443298969080e-06 3.507916135869167729e+00
4.842268041237113112e-06 3.505824978709185746e+00
4.843711340206185551e-06 2.680443829353832128e-15
4.845154639175257144e-06 2.501747574063575680e-15
4.848041237113402022e-06 3.037836339934340685e-15
4.850927835051546054e-06 2.412399446418450414e-15
4.852371134020618493e-06 2.323051318773323965e-15
4.853814432989690932e-06 2.412399446418450808e-15
4.856701030927834964e-06 2.769791956998958182e-15
4.858144329896907403e-06 2.323051318773324359e-15
4.859587628865978995e-06 2.501747574063576074e-15
4.862474226804123874e-06 2.323051318773324359e-15
4.865360824742267906e-06 2.144355063483059628e-15
4.866804123711340345e-06 2.323051318773324359e-15
4.868247422680411937e-06 2.412399446418450414e-15
4.869690721649484376e-06 2.412399446418450414e-15
4.871134020618556816e-06 2.233703191128189233e-15
4.872577319587628408e-06 2.591095701708701340e-15
4.875463917525773287e-06 2.412399446418450019e-15
4.876907216494844879e-06 2.323051318773323965e-15
4.878350515463917318e-06 2.412399446418450414e-15
4.879793814432989757e-06 2.501747574063575680e-15
4.882680412371133789e-06 2.144355063483059234e-15
4.884123711340206228e-06 2.501747574063575680e-15
4.885567010309277821e-06 2.323051318773324754e-15
4.887010309278350260e-06 2.501747574063575680e-15
4.889896907216494291e-06 2.412399446418450808e-15
4.892783505154639170e-06 2.680443829353832128e-15
4.892783505154639170e-06 3.469629145595669151e+00
