# CAPP-3 rescaled to fixed polarisation scenario 
#  m_X [eV]	chi
1.016238244514106746e-05 1.099738343176435595e+00
1.016238244514106746e-05 3.718734482925433439e-14
1.016457680250783731e-05 3.467914584337496728e-14
1.016896551724138038e-05 3.718124480056081917e-14
1.017554858934169330e-05 3.590055520391794850e-14
1.019310344827586221e-05 3.346633446126226147e-14
1.020188087774294666e-05 3.464692280105217758e-14
1.021504702194357419e-05 3.344803912127001403e-14
1.023699059561128617e-05 3.461662258315233941e-14
1.024137931034482755e-05 3.342609791501163939e-14
1.026112852664576800e-05 3.340965145621906166e-14
1.027429467084639553e-05 3.581232231024202340e-14
1.028965517241379459e-05 3.579861669669501607e-14
1.030062695924764889e-05 3.578883018421479918e-14
1.030501567398119197e-05 3.578491632837730993e-14
1.031818181818181950e-05 3.577317732878626109e-14
1.033573667711598840e-05 3.575753131940107158e-14
1.034012539184952978e-05 3.969854377616484630e-14
1.034670846394984440e-05 4.256046469855504554e-14
1.035109717868338578e-05 3.968769111396834902e-14
1.037523510971786930e-05 3.966382569936388213e-14
1.039059561128526667e-05 3.964864608989532386e-14
1.041253918495297865e-05 3.826831692951191829e-14
1.042789968652037602e-05 3.825367139051595722e-14
1.045642633228840093e-05 3.691585043380749045e-14
1.047178683385579999e-05 3.821185787045924054e-14
1.048056426332288445e-05 3.820350065260470189e-14
1.048714733542319736e-05 4.391753692588722384e-14
1.048934169278996890e-05 1.065458820988425037e+00
1.049811912225705336e-05 1.064567995732738748e+00
1.049811912225705336e-05 4.546432504274386673e-14
1.051128526645768088e-05 3.952957969428739093e-14
1.052225705329153688e-05 3.951877322295657655e-14
1.053103448275862133e-05 3.951013017298272776e-14
1.053542319749216271e-05 4.236078445237534027e-14
1.054420062695924886e-05 4.541214651965672953e-14
1.055736677115987469e-05 4.539724937236341066e-14
1.056833855799373069e-05 5.039243483167273755e-14
1.058150470219435821e-05 5.401643056811360984e-14
1.058369905956112806e-05 6.210237288503550474e-14
1.058589341692789959e-05 7.139873326299799475e-14
1.059028213166144267e-05 1.055303484270008196e+00
1.059686520376175559e-05 1.054647899925857502e+00
1.059905956112852712e-05 5.590973192429726878e-14
1.060783699059561158e-05 5.034285840694565486e-14
1.061661442006269603e-05 4.693964994526131395e-14
1.062319749216300895e-05 4.376889382903142203e-14
1.063197492163009510e-05 4.858756363783539836e-14
1.063416927899686494e-05 7.384473831629277939e-14
1.063855799373040802e-05 5.030433268798873779e-14
1.064294670846394940e-05 4.530053696173467165e-14
1.064952978056426401e-05 4.224050232561318350e-14
1.065611285266457693e-05 3.673260834326881775e-14
1.066050156739812000e-05 4.222895475083726615e-14
1.066489028213166138e-05 4.222433660489025992e-14
1.066489028213166138e-05 4.077662900126695981e-14
1.066489028213166138e-05 4.077662900126695981e-14
1.066927899686520445e-05 3.937425121027887512e-14
1.068025078369906045e-05 4.076102351458558691e-14
1.069561128526645782e-05 3.934842253422580408e-14
1.070438871473354227e-05 3.933981674121606156e-14
1.071097178683385519e-05 3.933336363164285960e-14
1.071316614420062673e-05 4.848935749620803474e-15
1.071755485893416980e-05 3.341532869416769458e-15
1.071974921630094134e-05 4.216665237536561113e-14
1.073072100313479564e-05 3.931401065344642670e-14
1.073949843260188009e-05 4.364222687336618519e-14
1.074169278996865163e-05 3.539762004593228320e-14
1.074608150470219470e-05 3.300832875070254287e-14
1.075266457680250762e-05 3.300291422720189667e-14
1.075924764890282223e-05 3.299750059187299102e-14
1.077241379310344807e-05 3.415781403190656995e-14
1.077899686520376098e-05 3.662029636355620680e-14
1.078557993730407559e-05 3.661428935069717685e-14
1.078996865203761697e-05 3.661028522289044041e-14
1.079874608150470143e-05 3.296503742334904053e-14
1.080313479623824450e-05 3.789763745338164072e-14
1.080752351097178758e-05 3.533959837731831201e-14
1.081849529780564188e-05 3.658426906358125667e-14
1.082946708463949787e-05 3.657426777194467683e-14
1.084043887147335386e-05 4.059863605603998893e-14
1.085141065830720985e-05 4.058753732946605527e-14
1.086018808777429431e-05 3.784379462494942802e-14
1.087774294670846321e-05 3.782724299576560211e-14
1.088652037617554767e-05 4.199177579127082032e-14
1.088871473354231921e-05 3.781690190385117722e-14
1.089749216300940366e-05 3.780863106580751412e-14
1.091285266457680273e-05 3.779416145164397599e-14
1.092382445141065872e-05 3.778382940345732115e-14
1.092821316614420010e-05 3.777969737509784658e-14
1.094357366771159916e-05 3.776523883404986054e-14
1.095235109717868362e-05 3.775697929510425287e-14
1.096551724137930945e-05 3.645047867065633469e-14
1.097648902821316545e-05 3.644051395421373942e-14
1.099184952978056451e-05 3.642656792755328811e-14
1.100501567398119035e-05 3.904620175361431355e-14
1.101598746081504634e-05 3.640466352541227483e-14
1.102915360501567387e-05 3.639272122194799657e-14
1.104670846394984278e-05 3.766830325726674029e-14
1.105329153605015739e-05 3.899925653753187749e-14
1.105548589341692723e-05 5.927216097951093951e-14
1.105987460815047031e-05 3.899285929177535439e-14
1.107084639498432630e-05 3.764565216194099805e-14
1.108401253918495213e-05 3.763330276055415730e-14
1.109059561128526674e-05 3.896301935050190440e-14
1.110156739811912104e-05 3.895236776364392240e-14
1.112570532915360456e-05 3.892894452131331322e-14
1.114106583072100193e-05 4.029562579799388999e-14
1.115862068965517254e-05 3.889702643380228821e-14
1.116739811912225699e-05 4.169888462704665822e-14
1.117617554858934145e-05 4.168976477047487528e-14
1.118495297805642590e-05 4.168064690848364912e-14
1.119811912225705343e-05 4.166697385438110114e-14
1.121128526645767926e-05 4.313213784867080723e-14
1.122664576802507833e-05 4.311563089311263006e-14
1.123322884012539125e-05 3.749362568800032773e-14
1.125078369905956016e-05 3.619227944979185410e-14
1.126833855799373076e-05 3.493610094344779436e-14
1.127931034482758506e-05 3.492655022279315637e-14
1.128808777429466951e-05 3.615865043950031409e-14
1.130125391849529704e-05 3.614678883896373340e-14
1.131880877742946595e-05 3.613097942421085447e-14
1.132978056426332194e-05 3.612110205146058267e-14
1.133855799373040640e-05 3.487502143031535561e-14
1.134294670846394947e-05 3.610925276841855859e-14
1.134733542319749085e-05 3.486739400343747996e-14
1.135391849529780546e-05 3.366640385365161725e-14
1.135830721003134684e-05 3.485786206566853911e-14
1.136489028213166145e-05 3.737081179294352087e-14
1.136708463949843130e-05 4.606996416380099405e-11
1.136708463949843130e-05 9.831862775183720649e-01
