# CAPP-6 rescaled to fixed polarisation scenario 
#  m_X [eV]	chi
4.507781155015197250e-06 3.765964599609548547e+00
4.507781155015197250e-06 3.185185031796562575e-15
4.508077676210859534e-06 2.224882634852536549e-15
4.508240774671318698e-06 2.208739291165193117e-15
4.508544585529036834e-06 2.191256345118422912e-15
4.508557377565151593e-06 2.170185989363353554e-15
4.508979514756928504e-06 2.221953673761584101e-15
4.509363275840362830e-06 2.202063984492790249e-15
4.509693310372115842e-06 2.232743149036162541e-15
4.510015669682199489e-06 2.243641608909474360e-15
4.510028461718314249e-06 2.260552385812896300e-15
4.510552935199006698e-06 2.269361974210490552e-15
4.510677657551123277e-06 2.288842971234034235e-15
4.510925731680057064e-06 2.312021660000309770e-15
4.511473961799248232e-06 2.332451947477105590e-15
4.511934475099368575e-06 2.353037927237805561e-15
4.512385394372403484e-06 2.363769882863052890e-15
4.512787277506998904e-06 2.357155123189944766e-15
4.513354391108073885e-06 2.382705956892932047e-15
4.513597439794248394e-06 2.398327082711344708e-15
4.513776528299850796e-06 2.362725447125193318e-15
4.513955616805453199e-06 2.399780210694453266e-15
4.513981762917933010e-06 2.548148025437250376e-15
4.514160289383284275e-06 2.374142881278187216e-15
4.514382018009268364e-06 2.358850439170238610e-15
4.515070351381141850e-06 2.378138983231734567e-15
4.515292384579413841e-06 2.394285570508325510e-15
4.515829650096221049e-06 2.423575181417851170e-15
4.515848838150392766e-06 2.399053646702899381e-15
4.515963966475423063e-06 2.378891495937272477e-15
4.515987841945288648e-06 2.457512679004014870e-15
4.516079094800453361e-06 2.361862652385223500e-15
4.516386103667199974e-06 2.341291809374346821e-15
4.516718696606176107e-06 2.395420826745128775e-15
4.516780829353017412e-06 2.370406266464479721e-15
4.516984770957357014e-06 2.352610638414201107e-15
4.517172813888239495e-06 2.329575965010537424e-15
4.517332714339670181e-06 2.319858171623500717e-15
4.517901959946763019e-06 2.336251271682941081e-15
4.518207224444949106e-06 2.321278273970629643e-15
4.518624709987230434e-06 2.345106270330005997e-15
4.518828219652687825e-06 2.324250581208805235e-15
4.519258829491761624e-06 2.320740427898959146e-15
4.519417816226326910e-06 2.361998883133639828e-15
4.519456192334670343e-06 2.338022271412353354e-15
4.520102190158450046e-06 2.303238020316701120e-15
4.520182370820668771e-06 2.431616865737375928e-15
4.520492347259941328e-06 2.315135505678399087e-15
4.520735395946115836e-06 2.292430380942332995e-15
4.521247077390694372e-06 2.280139340085209334e-15
4.521528502185212312e-06 2.290432329965559516e-15
4.521912263268645791e-06 2.267380436051705904e-15
4.522548210206907782e-06 2.270140435630012092e-15
4.522615825254941489e-06 2.286254587014123201e-15
4.523236239006492519e-06 2.276173511631310143e-15
4.523990969137245564e-06 2.280714536578523204e-15
4.524138077552562337e-06 2.270815102193597927e-15
4.524376899696048894e-06 2.426437703084048613e-15
4.524627372933939832e-06 2.296608123893769310e-15
4.524972757909030725e-06 2.276990896121808115e-15
4.525565668782935317e-06 2.285553971736552947e-15
4.525715762006678784e-06 2.267545564231604855e-15
4.526114447132245725e-06 2.252741822903689378e-15
4.526133635186417442e-06 2.272631512172483230e-15
4.526291793313069684e-06 3.187774613123226233e-15
4.527841945288753624e-06 3.185185031796562970e-15
4.528525745939820784e-06 2.297697969881100729e-15
4.528922299059369022e-06 2.279533870092247303e-15
4.529593880955378245e-06 2.284619818033126467e-15
4.530188710634700602e-06 2.298606174870543578e-15
4.530412571266703394e-06 2.287208202253038685e-15
4.530988212891854035e-06 2.276173511631309749e-15
4.531053452276038548e-06 2.299877661855763171e-15
4.531774923112893556e-06 2.298106662126349715e-15
4.531951453211272837e-06 2.286581540810322547e-15
4.532534770058092842e-06 2.276119019331943059e-15
4.532833007242932458e-06 2.292093047660540275e-15
4.533348343554971749e-06 2.285553971736553341e-15
4.533616976313375777e-06 2.265002590261165273e-15
4.533896573674162916e-06 2.218139212805924531e-15
4.533962361288465823e-06 2.195252447071970264e-15
4.534282162191327196e-06 2.180902808238776803e-15
4.534499626805273031e-06 2.208330598919944919e-15
4.534783610007014093e-06 2.226966965303306891e-15
4.535267148972140835e-06 2.233397056628561235e-15
4.535420653405514565e-06 2.261611958300579557e-15
4.536102895331618997e-06 2.273115888166853012e-15
4.536372380892430168e-06 2.281219498552653341e-15
4.536778115501519568e-06 2.447154353697359057e-15
4.536840569414219028e-06 2.288434278988785643e-15
4.537032449955936191e-06 2.303692122811422347e-15
4.537713625879030848e-06 2.314863044181566035e-15
4.537838348231146580e-06 2.288434278988786038e-15
4.538298861531267771e-06 2.316043710667841935e-15
4.538682622614701249e-06 2.334752733450360676e-15
4.539176395208719630e-06 2.312011280514716791e-15
4.539829641852964278e-06 2.336569143429245585e-15
4.540025786406719694e-06 2.323490991581271718e-15
4.540614220067984248e-06 2.327556290105443662e-15
4.540738485561667704e-06 2.344872731904150166e-15
4.540921228934731709e-06 2.378709854939384696e-15
4.541155015197568539e-06 2.431616865737375534e-15
4.541394534270965965e-06 2.333390425966195811e-15
4.541455296442509592e-06 2.347967116046750477e-15
4.541560830740454455e-06 2.396873954728237727e-15
4.541637582957141320e-06 2.376166880968944719e-15
4.541771899336342487e-06 2.310231198735408492e-15
4.542059720148918231e-06 2.288615919986674213e-15
4.542200432546177202e-06 2.269664709206970581e-15
4.542456273268466470e-06 2.262822898286502830e-15
4.542961558694987202e-06 2.285845894768874215e-15
4.543239785480476665e-06 2.295654508654854615e-15
4.543837813168827500e-06 2.302420635826202359e-15
4.543923093409590872e-06 2.289342483978228492e-15
4.544658008425578164e-06 2.300253155011062275e-15
4.544912344202442764e-06 2.288979201982450958e-15
4.545167173252279814e-06 2.504125142883964254e-15
4.545296105285876243e-06 2.311321044722739911e-15
4.545343618562872833e-06 2.295206893338629591e-15
4.546044439398572330e-06 2.292612021940221959e-15
4.546204339850003017e-06 2.314045659691068062e-15
4.546728813330695466e-06 2.296608123893769705e-15
4.547163742558587137e-06 2.281817356922845846e-15
4.547173252279635451e-06 2.574043838703888134e-15
4.547432375316990317e-06 2.304237045805088057e-15
4.547654956745382396e-06 2.276772926924342147e-15
4.547854512508768075e-06 2.253014284400522824e-15
4.548343807890145570e-06 2.231898518395980830e-15
4.548967419650725925e-06 2.224905339977272670e-15
4.549179331306991088e-06 2.599939651970527075e-15
4.549456715032103420e-06 2.244159285753456725e-15
4.549781845950012821e-06 2.225768134717242883e-15
4.550157079009370640e-06 2.205061060957950664e-15
4.550189972816521670e-06 2.235732440887128617e-15
4.550836884357167620e-06 2.224211211878199408e-15
4.551276595744680726e-06 2.392773145837417911e-15
4.551538618909731671e-06 2.222062658360317085e-15
4.552152636643225744e-06 2.208330598919944525e-15
4.552236366334157255e-06 2.224727827183881505e-15
4.552974981822012496e-06 2.225301057865530038e-15
4.553373860182371211e-06 2.467871004310669894e-15
4.553841185410334235e-06 2.229037672679236744e-15
4.554033065952051398e-06 2.209965367900940864e-15
4.554194528875379758e-06 2.294369055424191432e-15
4.554468085106383454e-06 2.294369055424190643e-15
4.554562656247190090e-06 2.233179087431095267e-15
4.555015197568389152e-06 2.361698169917451260e-15
4.555197568389058001e-06 2.374646076550770336e-15
4.555314827970720012e-06 2.233832995023493960e-15
4.555751462803426815e-06 2.223709536741173083e-15
4.556020948364237985e-06 2.234486902615892259e-15
4.556441166750597979e-06 2.217321828315426559e-15
4.557020920101642499e-06 2.232929979776847995e-15
4.557218282944551217e-06 2.249744746438529357e-15
4.557893702451395122e-06 2.242333793724676974e-15
4.557947429003075589e-06 2.254785284129935886e-15
4.558446318411539365e-06 2.239936132552548563e-15
4.558622848509918646e-06 2.261624067700438822e-15
4.559181860488120692e-06 2.251742797415302836e-15
4.559768162143366543e-06 2.257252574351254672e-15
4.560246506766556254e-06 2.244146901139964511e-15
4.560759878419453215e-06 2.307316962057509720e-15
4.560942249240122064e-06 2.328033612670821346e-15
4.560946247755050648e-06 2.253325668968331519e-15
4.561132645995575408e-06 2.234050964220960323e-15
4.561646295445709995e-06 2.260335813853874964e-15
4.562069023039153976e-06 2.244731454896805779e-15
4.562346726514075111e-06 2.260544129403901490e-15
4.562757234582111793e-06 2.270815102193597927e-15
4.563396836387834540e-06 2.270588050946237511e-15
4.563542665599539753e-06 2.255411945572650840e-15
4.564125982446358911e-06 2.259553360324509363e-15
4.564133657668027428e-06 2.272086589178817915e-15
4.564872572190493626e-06 2.275702896318598903e-15
4.565533106418949461e-06 2.280841685277045084e-15
4.565942451574612460e-06 2.268090487225270564e-15
4.565957446808510734e-06 2.400541889817409278e-15
4.566179104242729164e-06 2.292793662938110529e-15
4.566601241434506922e-06 2.270330726199228539e-15
4.567272823330516145e-06 2.272903973669316282e-15
4.567283787932899257e-06 2.286955202291693060e-15
4.567963593280696236e-06 2.295736247103903860e-15
4.568607131097531933e-06 2.299257287986051034e-15
4.568922995989281203e-06 2.275901050134477091e-15
4.569345133181058114e-06 2.300240943851539917e-15
4.569498637614431844e-06 2.315135505678399087e-15
4.569878419452888008e-06 2.449743935024023108e-15
4.569993263010857367e-06 2.312834719705144790e-15
4.570081954461251003e-06 2.328649595921305284e-15
4.570817380246594454e-06 2.317810582192757987e-15
4.571494195248286949e-06 2.318949966634058263e-15
4.572216945288753516e-06 2.317587659149894187e-15
4.572757118086496629e-06 2.320669658679003073e-15
4.573029239582021709e-06 2.308596429754412153e-15
4.573105991798708574e-06 2.284619818033126073e-15
4.573387416593226515e-06 2.256647104358293036e-15
4.573573482573073563e-06 2.232406287549169897e-15
4.573981762917933283e-06 2.369466913897443810e-15
4.573988642290606676e-06 2.300967507843093801e-15
4.573988642290606676e-06 2.281350280071133395e-15
4.574149821945648923e-06 2.252196899910024457e-15
4.574222387677789170e-06 2.234288748800014465e-15
4.574871292782503930e-06 2.232307210641231000e-15
4.574896876854732603e-06 2.250229122432897956e-15
4.575430487504079057e-06 2.281194587787228850e-15
4.575783791358668958e-06 2.305447985791010935e-15
4.576252832682865808e-06 2.324009965860953007e-15
4.576914820551788749e-06 2.323990504325464791e-15
4.577626697361558321e-06 2.350119561871729181e-15
4.578085106382978558e-06 2.504125142883964649e-15
4.578203618190320523e-06 2.344470526837396594e-15
4.578401894750094642e-06 2.330030067505257862e-15
4.578990328411360043e-06 2.341897279367308851e-15
4.579220585061419792e-06 2.330030067505258257e-15
4.579716276460855090e-06 2.347013500807835782e-15
4.580128819625546566e-06 2.342381655361679028e-15
4.580148007679718282e-06 2.360091652655810043e-15
4.580685273196525491e-06 2.381888572402433286e-15
4.581066293129363615e-06 2.404969953491268924e-15
4.581702240067624759e-06 2.421334942443892012e-15
4.582239505584431968e-06 2.383795802880263466e-15
4.582381201984469388e-06 2.408275420441855384e-15
4.583097734916475081e-06 2.401299389949521483e-15
4.583736173809824143e-06 2.386384187100174500e-15
4.584215875164116203e-06 2.377256726956275743e-15
4.584311815434974784e-06 2.427389642373509163e-15
4.584376899696049166e-06 2.530020956150603196e-15
4.584644408373950070e-06 2.398534672423217302e-15
4.584695576518408263e-06 2.385975494854925120e-15
4.585300000224816055e-06 2.403821722897473252e-15
4.585631953561986831e-06 2.414529459723002053e-15
4.585693355335335815e-06 2.432293949316500152e-15
4.586115492527112726e-06 2.429024411354505896e-15
4.586268996960486456e-06 2.449731485113798510e-15
4.586384125285516754e-06 2.461174867980776038e-15
4.586576005827233916e-06 2.468077225900540505e-15
4.586671946098091651e-06 2.487331171676723772e-15
4.586813937698962182e-06 2.515667167347334343e-15
4.587021276595744502e-06 2.586991745337208393e-15
4.587243750112408457e-06 2.530489072775039110e-15
4.587381904102444306e-06 2.552040777174512646e-15
4.587568389057751047e-06 2.605118814623855179e-15
4.587957545727594947e-06 2.538009010087624084e-15
4.588771972026881843e-06 2.530198447178416768e-15
4.589331410406287460e-06 2.504877692072755903e-15
4.589684470603046870e-06 2.514577321360003319e-15
4.589953103361450898e-06 2.483789172217897648e-15
4.590119399830938541e-06 2.470620199870979693e-15
4.590528744986601539e-06 2.497139785562704566e-15
4.590572603396136528e-06 2.473202096912395313e-15
4.590605497203287557e-06 2.511307783398010246e-15
4.590759878419452928e-06 3.177416287816570420e-15
4.590759878419452928e-06 3.697894183570099802e+00
