# CAPP-1 rescaled to fixed polarisation scenario 
#  m_X [eV]	chi
6.616636041526281978e-06 1.560786229664495428e+00
6.616636041526281978e-06 1.642122445290688599e-14
6.619409359685748831e-06 1.642159020746382504e-14
6.622089382922702962e-06 1.646573331521889986e-14
6.624768200444674858e-06 1.642859521973369282e-14
6.627445523447077889e-06 1.630065111838807961e-14
6.630126507675396087e-06 1.626388536212824194e-14
6.632812016784324359e-06 1.634795481362773311e-14
6.635496032342361656e-06 1.634134217082785845e-14
6.638183142502167159e-06 1.640552825914478020e-14
6.640869905613388875e-06 1.641916786783920044e-14
6.643555746053603203e-06 1.636190499113075813e-14
6.646251291053168070e-06 1.660986184196600323e-14
6.648946780165666790e-06 1.681995835945392758e-14
6.651634449678530040e-06 1.670960055103576164e-14
6.654330396257905979e-06 1.685835047228089882e-14
6.657032902629642881e-06 1.720925464385601688e-14
6.659733340108887122e-06 1.744847942791612135e-14
6.662428249575929283e-06 1.744142162997303735e-14
6.665122521003157523e-06 1.736985887647620843e-14
6.667821916913484603e-06 1.744886167511952958e-14
6.670509719765291005e-06 1.705815588218067289e-14
6.673199182954917532e-06 1.669681696935796304e-14
6.675909929576563279e-06 1.706543243638443162e-14
6.678618313231756406e-06 1.731335112890765344e-14
6.681316821546059924e-06 1.715730340869442014e-14
6.684025087474808478e-06 1.732073654259522826e-14
6.686728092616095889e-06 1.724966896416738364e-14
6.689425540557874283e-06 1.693651083722741445e-14
6.692123498139986762e-06 1.660850321972223833e-14
6.694824280110671450e-06 1.634733383921618921e-14
6.697532810394891044e-06 1.632054277915234710e-14
6.700251704010505082e-06 1.661913146951414970e-14
6.702970252731555366e-06 1.687098646470149492e-14
6.705685266939768378e-06 1.695819407510715454e-14
6.708398191261892330e-06 1.693040189807635677e-14
6.711116564358853503e-06 1.706002444560019680e-14
6.713832846816426180e-06 1.707420820451861395e-14
6.716552841510423453e-06 1.718368590599657796e-14
6.719273066864831339e-06 1.726184193980408493e-14
6.721991488413775396e-06 1.723355212516086113e-14
6.724716532451419863e-06 1.740846348763834514e-14
6.727442681201115571e-06 1.758515010715520800e-14
6.730162662515071242e-06 1.749137135350763277e-14
6.732885198654882925e-06 1.745191995422531000e-14
6.735601557662662646e-06 1.714567968713882815e-14
6.738315517502302178e-06 1.672039094781085197e-14
6.741036689715898612e-06 1.651858149914323239e-14
6.743759252327283066e-06 1.632929321461489087e-14
6.746489038318017627e-06 1.635296945683673685e-14
6.749224305202977973e-06 1.652915220548911623e-14
6.751961264754265042e-06 1.672788987358599894e-14
6.754675685141277991e-06 1.610268440170895511e-14
6.757406092904864501e-06 1.599703271564380185e-14
6.760144032754784638e-06 1.610955337727019912e-14
6.762882789634689634e-06 1.621284583185754489e-14
6.765613882989276280e-06 1.601716228062529899e-14
6.768347249473318452e-06 1.586299384777579438e-14
6.771092549146550497e-06 1.607357075681784126e-14
6.773836327213661953e-06 1.619663323352957360e-14
6.776569793630269230e-06 1.593209437158549180e-14
6.779308758508604582e-06 1.581778643725486823e-14
6.782048244133420098e-06 1.568490585867924121e-14
6.784792062684827022e-06 1.565920042811245154e-14
6.787538751606929056e-06 1.569159662105993583e-14
6.790282736940892746e-06 1.559827602977821081e-14
6.793028418822493105e-06 1.552468139688832495e-14
6.795775210933105766e-06 1.545143399275501977e-14
6.798524583014184547e-06 1.542611119086913687e-14
6.801278007185730558e-06 1.549627330127714594e-14
6.804030193730372091e-06 1.549000515818290102e-14
6.806783493967302242e-06 1.548373955051227790e-14
6.809529961318329733e-06 1.522143738595376396e-14
6.812282248090267414e-06 1.511222819948076955e-14
6.815035352713678931e-06 1.499453582040322630e-14
6.817794285033797983e-06 1.502555693657238843e-14
6.820552270578217136e-06 1.499166712689630785e-14
6.822166844803794551e-06 1.513702281546331642e-14
6.822166844803794551e-06 1.513764564140181790e+00
