# CAST-CAPP rescaled to fixed polarisation scenario 
#  m_X [eV]	chi
1.976027350129524757e-05 5.726119591780970408e-01
1.976027350129524757e-05 1.509158501447526991e-13
1.978539481199020379e-05 1.547330948719794038e-13
1.980425675132843510e-05 1.471448301790730344e-13
1.980425675132843510e-05 1.363716044831788620e-13
1.985120370360699162e-05 1.106794689696910198e-13
1.985153125023522282e-05 1.348383925476088083e-13
1.985686909507448957e-05 1.613872070329518294e-13
1.986037705240834846e-05 2.138686863019680263e-13
1.986267105188439273e-05 1.844684876979173058e-13
1.988447726668561585e-05 2.306409410545908818e-13
1.988562562512770284e-05 1.618848319358112604e-13
1.989883651488414068e-05 1.858074965597191168e-13
1.990860672614425342e-05 2.306395892966464171e-13
1.991136624238806370e-05 2.058379872266764670e-13
1.991780660119338167e-05 1.564981715219587132e-13
1.992205413112549213e-05 1.831008758484954551e-13
1.993575858716493807e-05 1.540812049547279817e-13
1.993852186690678614e-05 1.434020410679251948e-13
1.994082489260438662e-05 2.040878855900299783e-13
1.994208120055912775e-05 1.749403778693372498e-13
1.996930567338154610e-05 1.744371540221166122e-13
1.997155733310263800e-05 2.005714100326237365e-13
1.997309519783366219e-05 1.544628264676284029e-13
1.997606141423803410e-05 2.295835227007347435e-13
1.997986320960030217e-05 2.561549416599198225e-13
1.999987300877838269e-05 2.318145203894186921e-13
2.000195209770056599e-05 2.759524578607891983e-13
2.000195209770056599e-05 2.071810929939771220e-13
2.000356931628564098e-05 1.781976055352293598e-13
2.000495560771580500e-05 1.535482389979506351e-13
2.000772847880198017e-05 1.421319975366949752e-13
2.000772847880198017e-05 1.210909742791592000e-13
2.002738065531229397e-05 2.942505592082479849e-13
2.003547833745687384e-05 2.507703198450278271e-13
2.003634614042798542e-05 1.942150954658486534e-13
2.003663541643770372e-05 2.211503781872275575e-13
2.005013960970901963e-05 1.682943840735660390e-13
2.006527511175305550e-05 1.475361729578847449e-13
2.007588706644962607e-05 1.785064658729025239e-13
2.009289849755093425e-05 1.594914065814653310e-13
2.010037777493749259e-05 1.800211709784014648e-13
2.010690829902803876e-05 1.381569325969914659e-13
2.011353774074819595e-05 1.581781715838606147e-13
2.011921724840797881e-05 1.226198088977496310e-13
2.012360705727559275e-05 1.413135531204782362e-13
2.014351846320124495e-05 1.180901825514592462e-13
2.017014618870967518e-05 1.233965536343604069e-13
2.019895450105074753e-05 1.277243151676411434e-13
2.020123205506295545e-05 1.192814896096916871e-13
2.022224209387584416e-05 1.343044682097488974e-13
2.022671927548668435e-05 1.184055301547690387e-13
2.024702501980303349e-05 1.395492580836339890e-13
2.024775582196449870e-05 1.232835757116842822e-13
2.026705854226293688e-05 1.293359382307666736e-13
2.027267733357754998e-05 1.484254811216638380e-13
2.030009125655552008e-05 1.509055172417268008e-13
2.030376487994117862e-05 1.338015435793629773e-13
2.032616714248087746e-05 1.208701770605045269e-13
2.032918579381252623e-05 1.405768748230129406e-13
2.034947421588620897e-05 1.200608870361303530e-13
2.037502367145190113e-05 1.139555203184614813e-13
2.041949082251277243e-05 1.210903616706525057e-13
2.044854982724272362e-05 1.245423664733511097e-13
2.047204925288505475e-05 1.269838768302759402e-13
2.049921078068082041e-05 1.320269555530953395e-13
2.050420976673893395e-05 1.194133220087012123e-13
2.052608568806978158e-05 1.262618318293223651e-13
2.053022415227225917e-05 1.156615141767359191e-13
2.055174898867588012e-05 1.198516241617178989e-13
2.058293309615907247e-05 1.154907047842236856e-13
2.058629133739313676e-05 1.288520598184942472e-13
2.061086858873282694e-05 1.284677121543720162e-13
2.064013608808069048e-05 1.264573745083221300e-13
2.064090236516915759e-05 1.196289093755692599e-13
2.067324945945478857e-05 1.237076525849051754e-13
2.068774177191579270e-05 1.154529471401733971e-13
2.071485392165831030e-05 1.171844692520634335e-13
2.074033324011521147e-05 1.195645174941619952e-13
2.076656344509584157e-05 1.223441157531159735e-13
2.079188337287837080e-05 1.258318503700613277e-13
2.081687351791476856e-05 1.184567076316248219e-13
2.081981588121447512e-05 1.281166439170148234e-13
2.084498320890222940e-05 1.288379126769369985e-13
2.087030500870069811e-05 1.281043856609588515e-13
2.089817842626273984e-05 1.211890579227848224e-13
2.091447747483148614e-05 1.162612454822135039e-13
2.093656516937203018e-05 1.187966659689528235e-13
2.096369306115331366e-05 1.186536777567774323e-13
2.098952462910157009e-05 1.226436820126215740e-13
2.099131405724062485e-05 1.066766946824833356e-13
2.101550157172550964e-05 1.289023414238359685e-13
2.103135628280041432e-05 1.212968225211264893e-13
2.104363328646255139e-05 1.339814705634993753e-13
2.107074477950255951e-05 1.352916985165390342e-13
2.108811207001531489e-05 1.241503920034637796e-13
2.109582643565885353e-05 1.405958867525691109e-13
2.111288925933432477e-05 9.566370890472525550e-14
2.111410856041489085e-05 1.204045773478251557e-13
2.112020612214616041e-05 1.073583709348114309e-13
2.114249323534734252e-05 1.198685633798497642e-13
2.116171626760364905e-05 1.129437111557553891e-13
2.116870076640996553e-05 1.248399846046852635e-13
2.119194080470941351e-05 1.197256836898466556e-13
2.120733169600980611e-05 1.143744329160288992e-13
2.122107050329217494e-05 1.072550698087109300e-13
2.123271607408221099e-05 1.192436480264952043e-13
2.125737671963788601e-05 1.212189541648360192e-13
2.128427838662430460e-05 1.210328720150855986e-13
2.129174922991028043e-05 1.074811792203636576e-13
2.129226944953781497e-05 8.103491261868136409e-14
2.129380653632884036e-05 9.237260179214061696e-14
2.131960222018767199e-05 1.100818016316436850e-13
2.134557883830148520e-05 1.095249777602601063e-13
2.136790243960592000e-05 1.059698967857036394e-13
2.139370846045435739e-05 1.070561174336938131e-13
2.142091814468007760e-05 1.172572303653580162e-13
2.144722082160945150e-05 1.236723013317291379e-13
2.147769678973440244e-05 1.226318816338768609e-13
2.150295606515232783e-05 1.213737736064143545e-13
2.152684994926094979e-05 1.065296385306971277e-13
2.153067543385345228e-05 1.199280156591217712e-13
2.155546753641620456e-05 1.120915276183406703e-13
2.158597732780485759e-05 1.155835363717886985e-13
2.160502450399781019e-05 1.054921191555906626e-13
2.161465165921817112e-05 1.161611754004381937e-13
2.163998798915877449e-05 1.147272158849545231e-13
2.166674822432643552e-05 1.171656175531453992e-13
2.169504496171025635e-05 1.197125510064068160e-13
2.172155071440301261e-05 1.110620049464140869e-13
2.172439705476245884e-05 1.224068396944949407e-13
2.174932852314880049e-05 1.067899997239698875e-13
2.175084014969383352e-05 1.221130407675648714e-13
2.177403666436908978e-05 1.102854328061529050e-13
2.177412049433229742e-05 1.291908420267274811e-13
2.177537798251030250e-05 9.846328000548387745e-14
2.182951872999627807e-05 9.644243468318929589e-14
2.184465178626929089e-05 7.928664629521166177e-14
2.185222224800615877e-05 7.387629164392105693e-14
2.186547686965901023e-05 4.980120322986529348e-14
2.186610824261643902e-05 6.396193754517591304e-14
2.186610824261643902e-05 5.675856112329214025e-14
2.186610824261643902e-05 4.559311677966721606e-14
2.190402400193912743e-05 5.894307115198306075e-14
2.190655405559576520e-05 5.005877775289985672e-14
2.192680500822551852e-05 5.601893595326403015e-14
2.193117982970835224e-05 5.007668603132236905e-14
2.195214502670734104e-05 4.980704900630101624e-14
2.198449602651358990e-05 4.231374964218257479e-14
2.198563869712710843e-05 4.908716325175477384e-14
2.202034611105834784e-05 5.599778089304949801e-14
2.203343004483699133e-05 5.592112466055526277e-14
2.206207825956648725e-05 7.126164954836516338e-14
2.209367988810689366e-05 7.167919789078163617e-14
2.211878696834286882e-05 7.340716177388790839e-14
2.213290321673086334e-05 8.824208731623869324e-14
2.216210738329693180e-05 8.941874392648808243e-14
2.218744006822728396e-05 8.892571412798276866e-14
2.221793673520290195e-05 9.046245638274368641e-14
2.224473430728781233e-05 8.924068096445784414e-14
2.224652507536431899e-05 8.475327824172792884e-14
2.227575052248665020e-05 8.944702931270828573e-14
2.229775918545000982e-05 8.743845155308051488e-14
2.232700895984278747e-05 8.614627730639483679e-14
2.234093861907421476e-05 8.191146912585872671e-14
2.236934073912735896e-05 8.560203208472970348e-14
2.239917197580430466e-05 8.716993758921991384e-14
2.242529907523811236e-05 9.659858678680335603e-14
2.242884372276391221e-05 8.397742197683880025e-14
2.245735759690899196e-05 1.024575006812504786e-13
2.245735759690899196e-05 5.038423988505703610e-01
