# HAYSTAC rescaled to fixed polarisation scenario 
#  m_X [eV]	chi
1.695731707317073202e-05 4.345892928659013935e-05
1.695731707317073202e-05 9.553979067106577377e-15
1.696341463414634317e-05 7.588995326967506771e-15
1.696951219512195092e-05 8.063063403708185730e-15
1.697865853658536594e-05 8.463552771822819645e-15
1.698170731707316982e-05 7.869982363033587201e-15
1.698780487804878097e-05 8.161373110135921286e-15
1.699085365853658484e-05 7.056759848561255699e-15
1.699999999999999987e-05 8.463552771822819645e-15
1.700609756097561101e-05 7.229889402415259117e-15
1.701219512195121877e-05 8.260881467485026211e-15
1.701524390243902603e-05 7.681524910987955330e-15
1.701829268292682991e-05 8.361603090426660415e-15
1.702439024390243767e-05 7.588995326967506771e-15
1.703048780487804881e-05 8.161373110135921286e-15
1.703963414634146383e-05 7.588995326967506771e-15
1.704268292682926771e-05 8.063063403708185730e-15
1.704573170731707497e-05 7.318040551559092060e-15
1.705792682926829387e-05 9.101891493161917607e-15
1.706402439024390163e-05 7.869982363033587201e-15
1.707012195121951277e-05 7.407266492399292046e-15
1.707621951219512053e-05 8.063063403708184152e-15
1.708231707317073167e-05 8.063063403708184152e-15
1.708841463414634282e-05 9.101891493161919185e-15
1.709451219512195057e-05 8.992252555135847040e-15
1.709756097560975784e-05 9.212867214897941775e-15
1.710365853658536559e-05 8.361603090426663570e-15
1.710975609756097674e-05 9.553979067106575799e-15
1.711280487804878062e-05 9.907720787194894882e-15
1.711280487804878062e-05 4.345892928659015291e-05
1.714939024390244070e-05 4.345892928659013935e-05
1.715243902439024458e-05 6.971756016524522054e-15
1.715853658536585234e-05 8.776920814031597205e-15
1.716158536585365960e-05 8.161373110135921286e-15
1.716768292682926736e-05 8.671196385443064547e-15
1.717378048780487850e-05 8.063063403708185730e-15
1.717987804878048626e-05 9.670466911772669160e-15
1.718597560975609740e-05 8.992252555135843884e-15
1.718902439024390128e-05 8.776920814031597205e-15
1.719664634146341606e-05 6.722838932737821837e-15
1.720121951219512357e-05 9.438894403701403825e-15
1.721036585365853520e-05 9.212867214897941775e-15
1.721341463414634247e-05 8.463552771822819645e-15
1.721646341463414635e-05 8.671196385443066125e-15
1.722560975609756137e-05 8.063063403708185730e-15
1.723170731707316912e-05 8.671196385443066125e-15
1.723780487804878027e-05 8.671196385443064547e-15
1.724085365853658414e-05 8.260881467485026211e-15
1.725304878048780643e-05 8.883934298282522796e-15
1.725914634146341419e-05 8.671196385443066125e-15
1.726219512195122145e-05 7.681524910987955330e-15
1.726829268292682921e-05 8.463552771822819645e-15
1.727134146341463309e-05 7.318040551559092060e-15
1.727134146341463309e-05 4.345892928659014613e-05
1.844054878048780480e-05 4.345892928659013935e-05
1.844512195121951231e-05 8.883934298282524374e-15
1.844817073170731619e-05 8.063063403708185730e-15
1.845121951219512007e-05 8.671196385443064547e-15
1.845731707317073121e-05 7.965937909575053850e-15
1.846341463414634236e-05 8.260881467485026211e-15
1.846646341463414624e-05 7.681524910987955330e-15
1.847256097560975738e-05 8.671196385443064547e-15
1.847865853658536514e-05 8.063063403708185730e-15
1.848780487804878016e-05 7.407266492399293624e-15
1.849390243902439130e-05 7.681524910987955330e-15
1.849999999999999906e-05 6.722838932737822626e-15
1.850304878048780293e-05 7.869982363033585623e-15
1.850609756097561020e-05 7.681524910987955330e-15
1.851219512195121796e-05 8.161373110135921286e-15
1.851524390243902522e-05 6.641857422283705664e-15
1.852134146341463298e-05 8.361603090426660415e-15
1.852743902439024412e-05 9.212867214897941775e-15
1.853048780487804800e-05 7.965937909575055428e-15
1.853658536585365914e-05 7.142800098315962623e-15
1.853658536585365914e-05 7.775182671209617786e-15
1.854268292682926690e-05 8.161373110135921286e-15
1.854573170731707417e-05 7.056759848561256488e-15
1.855182926829268192e-05 7.775182671209619364e-15
1.855487804878048580e-05 7.142800098315962623e-15
1.855792682926829307e-05 8.063063403708184152e-15
1.856402439024390082e-05 8.992252555135843884e-15
1.857012195121951196e-05 8.463552771822818067e-15
1.857317073170731584e-05 7.407266492399290468e-15
1.857926829268292699e-05 7.775182671209617786e-15
1.858536585365853474e-05 8.463552771822821222e-15
1.858841463414634201e-05 7.681524910987953752e-15
1.859146341463414589e-05 7.965937909575057006e-15
1.859756097560975703e-05 7.142800098315964201e-15
1.860365853658536479e-05 7.229889402415260695e-15
1.860975609756097593e-05 7.588995326967508349e-15
1.861890243902439095e-05 7.681524910987955330e-15
1.861890243902439095e-05 8.063063403708184152e-15
1.862499999999999871e-05 7.497580329441041347e-15
1.863414634146341373e-05 8.463552771822818067e-15
1.863414634146341373e-05 7.407266492399290468e-15
1.864024390243902487e-05 7.965937909575052273e-15
1.864024390243902487e-05 7.318040551559088904e-15
1.864939024390243989e-05 7.775182671209619364e-15
1.865548780487804765e-05 8.260881467485026211e-15
1.866158536585365879e-05 8.992252555135847040e-15
1.866463414634146267e-05 8.161373110135922864e-15
1.866768292682926655e-05 7.869982363033587201e-15
1.867073170731707382e-05 8.361603090426663570e-15
1.867682926829268157e-05 8.566745484898957808e-15
1.868292682926829272e-05 8.883934298282521219e-15
1.868597560975609659e-05 9.325196019212912528e-15
1.869207317073170774e-05 8.992252555135842306e-15
1.869512195121951162e-05 9.553979067106577377e-15
1.869817073170731549e-05 1.078489358731224534e-14
1.869969512195121913e-05 1.145860249613469359e-14
1.869969512195121913e-05 4.345892928659014613e-05
