# ORGAN rescaled to fixed polarisation scenario 
#  m_X [eV]	chi
1.074435064935064997e-04 1.189911255250743760e-01
1.074435064935064997e-04 6.750885255040493129e-13
1.075000110505377880e-04 5.646092966420043174e-13
1.075835057568039801e-04 6.879131837900295884e-13
1.076704955903092057e-04 6.679173217209120789e-13
1.076875828790334517e-04 5.655513152705099921e-13
1.077800913344950765e-04 5.350512704977079842e-13
1.078689411479930125e-04 5.508828728912542018e-13
1.079619115325517289e-04 5.417179971767692531e-13
1.080439663658869519e-04 5.451911688426102917e-13
1.081380659453998167e-04 5.356116891710332175e-13
1.082277742112020848e-04 5.487856524316864750e-13
1.083174824770043529e-04 5.483311495384230244e-13
1.084071907428066210e-04 5.217669341225721385e-13
1.084921017751435334e-04 5.303447596354428049e-13
1.085809612996403879e-04 5.391093009670073685e-13
1.086763155402134388e-04 5.470600366796148649e-13
1.087660238060157068e-04 5.468785059736449696e-13
1.088582806020964430e-04 5.269606305593393974e-13
1.089454403376202430e-04 5.392867966401637937e-13
1.090351486034225111e-04 5.340802750824124522e-13
1.091223083389462976e-04 5.156223396650729704e-13
1.092221767454587555e-04 5.186916888506590651e-13
1.093088041213243817e-04 5.072149872543742787e-13
1.093928942937127718e-04 5.203231433411108963e-13
1.094882206529289179e-04 5.218797670103864244e-13
1.095532817992380374e-04 5.117280028955800030e-13
1.096289561583068425e-04 5.252116222797802752e-13
1.097247808967774529e-04 5.247529449788519687e-13
1.098099018080784677e-04 5.355694103084348211e-13
1.098996100738807357e-04 5.275322479608797935e-13
1.099893183396830038e-04 5.265822711786851388e-13
1.100790266054852719e-04 5.243396384508589150e-13
1.101669873076680233e-04 5.162801020383285846e-13
1.102589528431455044e-04 5.109995110972280654e-13
1.103467921867435617e-04 5.193823760151932647e-13
1.104378596686943578e-04 5.172504422770672874e-13
1.105318854446154446e-04 4.968579481265042653e-13
1.106172762002988940e-04 5.133639483021689836e-13
1.107146300569365798e-04 4.966219592196320938e-13
1.107932946915321303e-04 5.075587776053108672e-13
1.108882829892959501e-04 5.052578568635756428e-13
1.109679539666168522e-04 4.550600048750557665e-13
1.109739345176703296e-04 4.963023099078728767e-13
1.110658175293102344e-04 5.150875650375086899e-13
1.111555257951125025e-04 5.182381398292230268e-13
1.112409165507959518e-04 4.907064122421591448e-13
1.113349423267170386e-04 5.118188908328937523e-13
1.114246505925193067e-04 5.093928391331406250e-13
1.115143588583215748e-04 5.145362227007005194e-13
1.116025380059567675e-04 5.110483435855841021e-13
1.116953287798101333e-04 5.220711283511502514e-13
1.117834836557283926e-04 5.310673784373770833e-13
1.118590560735860558e-04 5.407316997545374157e-13
1.118590560735860558e-04 1.142940430286889658e-01
