# RADES2 rescaled to fixed polarisation scenario 
#  m_X [eV]	chi
3.656761261617221827e-05 4.526338872595642715e-01
3.656761261617221827e-05 1.654713668398860135e-13
3.656761709686775022e-05 1.596229495698843496e-13
3.656761997731487886e-05 1.538524435765116073e-13
3.656762580933128757e-05 1.481768255025849897e-13
3.656763398564322356e-05 1.428446041469106688e-13
3.656765316646679931e-05 1.462722516323063181e-13
3.656765966347532402e-05 1.532419383782145049e-13
3.656766414417086274e-05 1.583919296525321289e-13
3.656766834482292309e-05 1.639120553028693693e-13
3.656766974504028106e-05 1.699620342931065979e-13
3.656767226543151863e-05 1.770760954926925485e-13
3.656767450577928460e-05 1.853680847290114934e-13
3.656767733732993204e-05 1.944750911153973014e-13
3.656767926651828814e-05 2.035818294615554672e-13
3.656768573297661804e-05 2.129589943100523000e-13
3.656768766782241562e-05 2.415416938120510335e-13
3.656768891978146231e-05 2.233108813907235599e-13
3.656768946010062840e-05 2.333363751475012079e-13
3.656770223008290460e-05 2.225234790136723412e-13
3.656770363030025579e-05 2.115601017131644482e-13
3.656770850305664933e-05 2.011957729645029389e-13
3.656771343182173447e-05 1.937844744580693871e-13
3.656771987282156757e-05 1.875179890757777463e-13
3.656772662498081054e-05 1.805967708757761571e-13
3.656773023442998942e-05 1.736941640659143875e-13
3.656773359495164177e-05 1.684044012101764795e-13
3.656773695547329412e-05 1.629345082886217785e-13
3.656774143616882606e-05 1.569525870443978719e-13
3.656774678811071784e-05 1.502155406061690351e-13
3.656775151773377633e-05 1.447952101933304870e-13
3.656775795873360943e-05 1.394221089077359578e-13
3.656776335957197564e-05 1.344592059659968069e-13
3.656776832034203128e-05 1.297837871977347480e-13
3.656777118300862377e-05 1.251079863390327328e-13
3.656777616155921557e-05 1.206497057199364666e-13
3.656778416280124562e-05 1.158631332295589608e-13
3.656780339040130787e-05 1.178687940387726868e-13
3.656780528608019354e-05 1.144537063782082753e-13
3.656780864660183911e-05 1.254237915383182425e-13
3.656781312729737784e-05 1.322135395335954868e-13
3.656781811716285936e-05 1.395286488115550610e-13
3.656782320886232810e-05 1.467841845689551974e-13
3.656782992990562602e-05 1.529529642922069697e-13
3.656783553077504434e-05 1.589471976546014621e-13
3.656784942093120014e-05 1.651037561487072767e-13
3.656786749881433727e-05 1.702101967092529540e-13
3.656787884416521132e-05 1.731854724057053066e-13
3.656788817894757518e-05 1.637444607402802221e-13
3.656789377981699350e-05 1.576526133653082753e-13
3.656789826051252545e-05 1.528780329598488180e-13
3.656790274120806417e-05 1.481757033467240862e-13
3.656790722190359611e-05 1.435128892210583541e-13
3.656791154257428908e-05 1.385999592487321587e-13
3.656792230116741571e-05 1.333874920517252660e-13
3.656793335929421493e-05 1.298782666277774719e-13
3.656794972261859315e-05 1.371255029892383978e-13
3.656795202885893589e-05 1.425700717488454231e-13
3.656795202885893589e-05 1.472381678904499781e-13
3.656796323059777253e-05 1.294351183640930177e-13
3.656796323059777253e-05 1.360429941930180295e-13
3.656796499087102158e-05 1.234577438813691667e-13
3.656796944247112764e-05 1.180905702586310548e-13
3.656798141188157577e-05 1.146467155609090965e-13
3.656799347529263009e-05 1.139513884072289185e-13
3.656799612297635844e-05 1.188158956906040065e-13
3.656800467703146673e-05 1.248341205644356319e-13
3.656800915772699868e-05 1.310618517805067548e-13
3.656800915772699868e-05 1.371229176313458540e-13
3.656802147963972169e-05 1.240530324864667619e-13
3.656802259981360129e-05 1.191738380304709470e-13
3.656802371998748766e-05 1.154631168673671704e-13
3.656803230798725835e-05 1.100910263844935875e-13
3.656804948398680651e-05 1.083634688058053839e-13
3.656805332458298256e-05 1.123886159979616066e-13
3.656805732520399758e-05 1.161980620584329166e-13
3.656806475908521949e-05 1.212929539106486075e-13
3.656806852694282744e-05 1.269319209100678086e-13
3.656807076729060019e-05 1.310879773529148658e-13
3.656807300763836616e-05 1.354131599694057397e-13
3.656807916859472089e-05 1.402143100378086864e-13
3.656808308920331642e-05 1.452324152913500651e-13
3.656808532955108240e-05 1.548047249262871286e-13
3.656808532955108240e-05 1.601561015174926126e-13
3.656808626302931878e-05 1.493367950829610309e-13
3.656810325233322373e-05 1.332166459366287940e-13
3.656810421248226435e-05 1.288672158710864022e-13
3.656810561059402716e-05 1.395901360968882141e-13
3.656811221372428762e-05 1.469682423514260775e-13
3.656811637437014161e-05 1.524725401488184232e-13
3.656811861471790759e-05 1.580589448747396843e-13
3.656812085506568034e-05 1.639528964627566433e-13
3.656812677598477660e-05 1.706332635369231430e-13
3.656814118888874560e-05 1.740231992127453459e-13
3.656814693911467713e-05 1.654977992341099356e-13
3.656814917946244988e-05 1.601725756003045799e-13
3.656815141981021585e-05 1.550565424724336013e-13
3.656815366015798183e-05 1.502505371209863363e-13
3.656815590050574780e-05 1.456645834823597632e-13
3.656815814085351377e-05 1.412186025265513911e-13
3.656816038120128652e-05 1.368749102266848619e-13
3.656816299494034569e-05 1.310023540387632768e-13
3.656816406177261681e-05 1.255932437289146719e-13
3.656816747563587764e-05 1.200609053680688191e-13
3.656816854246814876e-05 1.147642685029496643e-13
3.656817107377017357e-05 1.093582739350382594e-13
3.656817344989658915e-05 1.038066982058705351e-13
3.656817578359218351e-05 9.922367279057756810e-14
3.656817768166459456e-05 9.487385734668677025e-14
3.656818091772248025e-05 9.081072371093840754e-14
3.656818963018601759e-05 8.743225042068504193e-14
3.656820369459144672e-05 8.463612789839928067e-14
3.656822810080424238e-05 8.634226318750105822e-14
3.656824087369606321e-05 8.943424312101298277e-14
3.656824887493808647e-05 9.269159449341344757e-14
3.656826007667692311e-05 9.572651682090208324e-14
3.656827687928517807e-05 9.789553464083187648e-14
3.656828223122706307e-05 1.028982706004340354e-13
3.656828752093707152e-05 1.073099668267355362e-13
3.656829505099483917e-05 1.119108047945824504e-13
3.656831315568555941e-05 1.081472442150003946e-13
3.656831672547046220e-05 1.132848347288096814e-13
3.656832239907844184e-05 1.186567606884816735e-13
3.656832667610599938e-05 1.254637658174655065e-13
3.656833400815323408e-05 1.319795198017885569e-13
3.656834948691962825e-05 1.344212546101944223e-13
3.656835585154396417e-05 1.276688500816107205e-13
3.656835753180479373e-05 1.226369612928056357e-13
3.656835977215255971e-05 1.186329463582692783e-13
3.656836686658715760e-05 1.145264658143224996e-13
3.656836873354363037e-05 1.051320354424574867e-13
3.656836985371750997e-05 1.074427803017352057e-13
3.656837116058703956e-05 1.111348089180225348e-13
3.656838553615187855e-05 1.129533081243773624e-13
3.656838814989094450e-05 1.180407537227534822e-13
3.656840513919484267e-05 1.224991892377868818e-13
3.656841802119450209e-05 1.169723213858258712e-13
3.656842250189004082e-05 1.123757258755653548e-13
3.656842618246137111e-05 1.082566101420919634e-13
3.656842835168698568e-05 1.038059746168506878e-13
3.656843059203475165e-05 9.882821115922869008e-14
3.656843283238252440e-05 9.431907250375858342e-14
3.656843606844041009e-05 8.981084046773909280e-14
3.656843863239396259e-05 8.526798585198906593e-14
3.656844490536770732e-05 7.617523482791191496e-14
3.656844527875900729e-05 8.152332312533928573e-14
3.656844728573721586e-05 7.855427204683595109e-14
3.656846656206279419e-05 8.341528688617298410e-14
3.656848024176204040e-05 8.705729528820072471e-14
3.656850082789466535e-05 8.848731152040519829e-14
3.656852118920918103e-05 9.114295390858272317e-14
3.656854186264052486e-05 8.790214638534176668e-14
3.656855804292995330e-05 9.461079778390577518e-14
3.656855870185576841e-05 9.183245449302871144e-14
3.656857409875561508e-05 8.770562095544016200e-14
3.656857624575555945e-05 8.422055637019541570e-14
3.656858940779869046e-05 8.844723392960616493e-14
3.656859332840728600e-05 9.249862135576564000e-14
3.656861001899815096e-05 9.635851716365454747e-14
3.656861853231966166e-05 9.971409361974744152e-14
3.656862251516014052e-05 1.038561083688729422e-13
3.656862685361136965e-05 1.081202139304721698e-13
3.656863850875391897e-05 1.149269735335162020e-13
3.656864317614510091e-05 1.129111666255132195e-13
3.656866833697387076e-05 1.137569025240587037e-13
3.656867927063691011e-05 1.088564309414243593e-13
3.656868462257879511e-05 1.049260488173909172e-13
3.656869302388292259e-05 1.013393652425911314e-13
3.656871070662779869e-05 9.857049515333475240e-14
3.656871326702524938e-05 9.508662618622353211e-14
3.656871742767109660e-05 9.162998858184450396e-14
3.656872046814307100e-05 8.855492108421332768e-14
3.656872308188213017e-05 8.528119811970354859e-14
3.656873123904579541e-05 8.155636548249336806e-14
3.656874887982611820e-05 7.985054444405727417e-14
3.656875234218175775e-05 8.447632171666796170e-14
3.656876127447740253e-05 8.919940106394331220e-14
3.656876508840276757e-05 9.272422727433419043e-14
3.656876609655925717e-05 9.683435411186960296e-14
3.656876639527229715e-05 1.008481423473887338e-13
3.656877759701113379e-05 9.323480792834911733e-14
3.656877871718501339e-05 8.581839202054855790e-14
3.656877871718501339e-05 9.027885254962756418e-14
3.656878095753277936e-05 8.222197369827437320e-14
3.656878303785570636e-05 7.944601529187232150e-14
3.656879348311348356e-05 7.650990574542345186e-14
3.656880490124954640e-05 7.441718705337640667e-14
3.656881543399564233e-05 7.869420849489036482e-14
3.656882240396647357e-05 8.220181468082034043e-14
3.656883584605307618e-05 8.525145244636700368e-14
3.656884480744414684e-05 8.873491943888674880e-14
3.656884672774223487e-05 9.241899669347635358e-14
3.656884896809000084e-05 9.578507309512805350e-14
3.656885120843776681e-05 9.937764650162735632e-14
3.656885344878553278e-05 1.030618336527028784e-13
3.656886048987851543e-05 1.146900925078153845e-13
3.656886186855406372e-05 1.070547279708008149e-13
3.656886273022628140e-05 1.107136744914644685e-13
3.656888171422578699e-05 1.055120953790250765e-13
3.656888961439948662e-05 1.114320070731584521e-13
3.656889297492113897e-05 1.155731511180502205e-13
3.656890056721079672e-05 1.199413427745035510e-13
3.656891705865963503e-05 1.217701182920715083e-13
3.656892225946695591e-05 1.161386069010991856e-13
3.656892489987681932e-05 1.116360691390712163e-13
3.656892844709412166e-05 1.070987610102534073e-13
3.656893330118094680e-05 1.015293318735154477e-13
3.656894216073803026e-05 9.682701259043788633e-14
3.656895999865850881e-05 9.267848107872674515e-14
3.656897474761464101e-05 8.652461074037295441e-14
3.656897545509288610e-05 8.940586283238533507e-14
3.656898370900571167e-05 9.439222387125863802e-14
3.656898790965777202e-05 9.767167501113044562e-14
3.656899203029741289e-05 1.017120023849888310e-13
3.656899651099295161e-05 1.054385975172789758e-13
3.656900961302676632e-05 1.090005659166183253e-13
3.656901171335279649e-05 1.128191223647962800e-13
3.656901171335279649e-05 1.157986634045288223e-13
3.656902229277281339e-05 1.043461995133029317e-13
3.656902995618461577e-05 9.948116704995744473e-14
3.656903157098073540e-05 9.567353502157784358e-14
3.656905129283001793e-05 1.013383724154216784e-13
3.656905700038265997e-05 9.791187997003042813e-14
3.656906408148185574e-05 9.473079811439066147e-14
3.656906983793097900e-05 9.089721580789028683e-14
3.656907220274251163e-05 8.726669057743611642e-14
3.656907456755404426e-05 8.383572018246831087e-14
3.656907879932204966e-05 8.010181020073036198e-14
3.656908116413358229e-05 7.678992697643777309e-14
3.656908732508993702e-05 7.397519845965656209e-14
3.656908900535076659e-05 6.986860207869212760e-14
3.656909064827245937e-05 7.143431092018822061e-14
3.656910580795902154e-05 7.295312561820885329e-14
3.656910692813290114e-05 7.454063958081774461e-14
3.656910855747673032e-05 7.785529000638067127e-14
3.656911051268932670e-05 8.267198968269136407e-14
3.656911275303709945e-05 8.754392789776219861e-14
3.656911499338486542e-05 9.231010866665198056e-14
3.656911751886780099e-05 9.782423534035059922e-14
3.656911975921556696e-05 1.038500875188840747e-13
3.656912193846294332e-05 1.101576292683614035e-13
3.656912395477592931e-05 1.163252029205037796e-13
3.656912805141184907e-05 1.220669870021080356e-13
3.656913493247999274e-05 1.265261181638486534e-13
3.656914277369717703e-05 1.311001327073261790e-13
3.656915273079836063e-05 1.357952940196299275e-13
3.656916517717485031e-05 1.395049353848479637e-13
3.656918235317439846e-05 1.355082382028894680e-13
3.656918598040411351e-05 1.310382815532580314e-13
3.656919206134805553e-05 1.263099326693039799e-13
3.656920257374911802e-05 1.205091697958562969e-13
3.656921177640840286e-05 1.197998872490146413e-13
3.656923462795562933e-05 1.228818881475114517e-13
3.656925879170654488e-05 1.228479241798306724e-13
3.656927341397635018e-05 1.281925552354603972e-13
3.656927637989129193e-05 1.337395445911507791e-13
3.656928251538914986e-05 1.226263765869394480e-13
3.656928423565618578e-05 1.177521649367282924e-13
3.656928647600395175e-05 1.134478474993775680e-13
3.656928862033681976e-05 1.084285832638192270e-13
3.656929119673674893e-05 1.034683680921157331e-13
3.656929343708451491e-05 9.931149649286773863e-14
3.656929623751922407e-05 9.579392142137170183e-14
3.656929931799740482e-05 9.267196624115435958e-14
3.656930788732761390e-05 8.875690030510194668e-14
3.656931416030136540e-05 8.270382044325325335e-14
3.656931528047524500e-05 8.540561389227586202e-14
3.656933497195298890e-05 9.031227725515407717e-14
3.656934608525704575e-05 8.665053446748583275e-14
3.656935499573111604e-05 9.192687143953931876e-14
3.656935515866549963e-05 8.695559718961597785e-14
3.656935635351764600e-05 9.581714763054834017e-14
3.656935695094371919e-05 9.914784291450320708e-14
3.656935784708282558e-05 8.514106653643736953e-14
3.656935859386541198e-05 1.029957474867528183e-13
3.656935919129148516e-05 1.066176058572732326e-13
3.656936083421317795e-05 1.108203074000237949e-13
3.656936120760447115e-05 1.190648112091776373e-13
3.656936192044240192e-05 1.146318217211661951e-13
3.656936395712218670e-05 1.231106988613152732e-13
3.656936456812612349e-05 1.279226564416410395e-13
3.656936619746995268e-05 1.323223809206714959e-13
3.656936680847388947e-05 1.380446339260824677e-13
3.656936755525648264e-05 1.476643293019425025e-13
3.656936830203906904e-05 1.424486094279528564e-13
3.656937110247377820e-05 1.532454529808027180e-13
3.656937705006368548e-05 1.612936608408142593e-13
3.656938601145474937e-05 1.663832157144005661e-13
3.656938995873414914e-05 1.717471357212611977e-13
3.656939033212544912e-05 1.783690673623333042e-13
3.656940433429898814e-05 1.570604113407287878e-13
3.656940769482064049e-05 1.434282129547163681e-13
3.656940777483305997e-05 1.501563524408492889e-13
3.656940825490758367e-05 1.373890219183606159e-13
3.656940825490758367e-05 1.338964314336396745e-13
3.656941788840298074e-05 1.642285734010449149e-13
3.656941958111018697e-05 1.727700628467430315e-13
3.656942057682029991e-05 1.555439152750531490e-13
3.656942220616413587e-05 1.824275650008218432e-13
3.656942444651190184e-05 1.940261753776062790e-13
3.656942841803749098e-05 2.104685831472991069e-13
3.656943261868955133e-05 2.044309724179293644e-13
3.656944768502828512e-05 1.955222403439812549e-13
3.656945026142821429e-05 1.861070727045108472e-13
3.656945194168904385e-05 1.793641386114985233e-13
3.656945306186292345e-05 1.740254512308930579e-13
3.656945578228521312e-05 1.676231980231391346e-13
3.656945692023963565e-05 1.604146261160333438e-13
3.656945965844246148e-05 1.530208266826846738e-13
3.656946230329746571e-05 1.461044554254985116e-13
3.656947080777550520e-05 1.395526526736184479e-13
3.656948666707943336e-05 1.420430988615881541e-13
3.656948778725331974e-05 1.375598484448935678e-13
3.656948810730299769e-05 1.327201614355465181e-13
3.656949034765076366e-05 1.280293100753093030e-13
3.656949152116626529e-05 1.236852534671448147e-13
3.656949482834630238e-05 1.193386915913790707e-13
3.656949562847050403e-05 1.151207984243179446e-13
3.656950085594862237e-05 1.098772238157391469e-13
3.656950408069162511e-05 1.012281226734527118e-13
3.656950735295714708e-05 1.052314492621854392e-13
3.656952322548163325e-05 1.098795946518902716e-13
3.656952923368700717e-05 1.052211130744128456e-13
3.656953427446948230e-05 1.007574534251603231e-13
3.656954363592265718e-05 9.701343572493789190e-14
3.656955611786021239e-05 9.699310886670617346e-14
3.656956171872963071e-05 9.935077072729331652e-14
3.656956334807346667e-05 1.039041448005496682e-13
3.656956545264257626e-05 1.099038511996292021e-13
3.656956769299034223e-05 1.155898255979642303e-13
3.656956927990335018e-05 1.213081495171577102e-13
3.656957247239891415e-05 1.272865732242533752e-13
3.656957471274668013e-05 1.344328575391287452e-13
3.656957656103359129e-05 1.412906961208936003e-13
3.656957814794659247e-05 1.482895114344947019e-13
3.656958300203341761e-05 1.561137305212237763e-13
3.656958799189889914e-05 1.648499200552165663e-13
3.656959770431564239e-05 1.737276915202015137e-13
3.656959935657211938e-05 1.824363962488454740e-13
3.656961772742381390e-05 1.684936129839170033e-13
3.656961772742381390e-05 1.649266174348975852e-13
3.656962176004979265e-05 1.764454163231482873e-13
3.656962724890182098e-05 1.856978064771361799e-13
3.656963055850647972e-05 1.949572253225222069e-13
3.656963527681465526e-05 2.063473036638096763e-13
3.656964013090148040e-05 2.188976864432689513e-13
3.656964205119956843e-05 2.288856419178645211e-13
3.656964624094084830e-05 2.410469119915039992e-13
3.656964909229255107e-05 2.314860183825135827e-13
3.656965309291356609e-05 2.565553763828863190e-13
3.656966029403138771e-05 2.663685493179611365e-13
3.656967522968316989e-05 2.545207704375387705e-13
3.656967709663964266e-05 2.439576785951341647e-13
3.656967949701224761e-05 2.349990655547917067e-13
3.656968101724823142e-05 2.256287081018666808e-13
3.656968325759599739e-05 2.167226409583206614e-13
3.656968621805555230e-05 2.083205935036184984e-13
3.656968845840331828e-05 2.001605187277148172e-13
3.656969069875108425e-05 1.923200802356206286e-13
3.656969389924789762e-05 1.851204846810994375e-13
3.656970286063896151e-05 1.790545388286492144e-13
3.656971070185614580e-05 1.737695622864043363e-13
3.656971518255168452e-05 1.664304566773211960e-13
3.656971742289945050e-05 1.594246709727979956e-13
3.656971966324721647e-05 1.546719170418910013e-13
3.656972363477280561e-05 1.478202440875633603e-13
3.656972638429052116e-05 1.413159836344895807e-13
3.656972862463828713e-05 1.369692960244415831e-13
3.656973038491152941e-05 1.323311298967757846e-13
3.656973512164681184e-05 1.268022788911156369e-13
3.656973678590514937e-05 1.216316001445817678e-13
3.656974517831900877e-05 1.178684365408432239e-13
3.656974783992875160e-05 1.137279187813441284e-13
3.656974958789238931e-05 1.053482310481597786e-13
3.656974976792033824e-05 1.092680557442297310e-13
3.656976222985479027e-05 1.183680950949069850e-13
3.656976222985479027e-05 1.149514953637053878e-13
3.656976895089809497e-05 1.288613495445834706e-13
3.656977031999950788e-05 1.236843105215355113e-13
3.656978799385411590e-05 1.184258070721375913e-13
3.656979023420188187e-05 1.225469969267606612e-13
3.656979695524518656e-05 1.291446278874849259e-13
3.656980093808565865e-05 1.348022103541030093e-13
3.656980591663625045e-05 1.409281783218245771e-13
3.656980703681013683e-05 1.461565780203404216e-13
3.656980975723242650e-05 1.516384138404997146e-13
3.656981199758019247e-05 1.577543165167503055e-13
3.656981423792795844e-05 1.640139158595568102e-13
3.656981647827572442e-05 1.705575705363021796e-13
3.656981935872285306e-05 1.776500941127229233e-13
3.656982127902094109e-05 1.850182058911374835e-13
3.656982351936870706e-05 1.921585109255080620e-13
3.656982575971647303e-05 1.994074383443470241e-13
3.656982800006423900e-05 2.069731176934731962e-13
3.656983224072251926e-05 2.149438411498501494e-13
3.656983705747021441e-05 2.218597322252821133e-13
3.656984090052830866e-05 2.313805208317032234e-13
3.656984288237441271e-05 2.502405882092687404e-13
3.656984288237441271e-05 2.592110983424029982e-13
3.656984295705266593e-05 2.402574730701435401e-13
3.656984400254829231e-05 2.682729616581498770e-13
3.656985357494329977e-05 2.080978867939330221e-13
3.656985408411324258e-05 2.214268490826096424e-13
3.656985520428712895e-05 2.338698994524897735e-13
3.656985884485225289e-05 1.976214557551497782e-13
3.656986032508202357e-05 1.913559805135372121e-13
3.656986290548257744e-05 1.838195563431923060e-13
3.656986416567819962e-05 1.651067491514118807e-13
3.656986466353325947e-05 1.744771465458057427e-13
3.656987872793868182e-05 1.912858393581389725e-13
3.656987872793868182e-05 1.843417809303008965e-13
3.656988147745639738e-05 2.004833014159849852e-13
3.656988400875842219e-05 2.102019413253738220e-13
3.656988624910618817e-05 2.181771728405073531e-13
3.656988848945395414e-05 2.263129078693434078e-13
3.656989072980172011e-05 2.344084905218737360e-13
3.656989217002528444e-05 2.431834046058620357e-13
3.656989441037305718e-05 2.515752693500538704e-13
3.656989665072082316e-05 2.601932094116463224e-13
3.656989940023853871e-05 2.725980253995994131e-13
3.656990673228577342e-05 2.796185119659023160e-13
3.656990673228577342e-05 4.526054924730557039e-01
