# CAPP-4 rescaled to fixed polarisation scenario 
#  m_X [eV]	chi
1.946587148609258108e-05 5.724304278294538584e-01
1.946587148609258108e-05 4.814768742635220313e-14
1.946587636547299587e-05 4.768439232191029585e-14
1.946602339746948465e-05 4.715894815246069657e-14
1.946690181532160341e-05 4.660385962545424821e-14
1.946717525653933104e-05 4.616761350663493647e-14
1.946797027025486262e-05 4.591848087694858867e-14
1.947040966474207908e-05 4.717534618542521967e-14
1.947041478703537160e-05 4.668910022900878728e-14
1.947280004152284356e-05 3.901451300974280219e-14
1.947283844288039042e-05 4.496276394547708280e-14
1.947285074113693672e-05 4.379546993237084896e-14
1.947285562051735152e-05 4.333234196781244100e-14
1.947286049989776631e-05 4.286921423534909769e-14
1.947286537927817772e-05 4.240608673498069279e-14
1.947286858544859735e-05 4.605187539159139280e-14
1.947287023093484162e-05 4.194559087098473893e-14
1.947288129271203098e-05 4.089566115908778628e-14
1.947288617209244578e-05 4.043253464775817155e-14
1.947289105147286057e-05 3.996940836852254229e-14
1.947289593085327537e-05 3.950628232138071550e-14
1.947296436160447357e-05 4.437529322501872155e-14
1.947297456549631611e-05 4.547298959208345801e-14
1.947304612705403126e-05 3.868076156365264761e-14
1.947314322672428162e-05 4.140259715749675347e-14
1.947406831289286237e-05 4.666042241792133551e-14
1.947547122608732798e-05 4.708758847614424027e-14
1.947694502449008361e-05 4.658369073461866554e-14
1.947698607148571327e-05 4.748406180186629107e-14
1.947767521003925103e-05 4.698764749225512246e-14
1.947895100537162577e-05 4.587313477123671294e-14
1.947966200502802001e-05 4.643525258025916455e-14
1.948091660158341479e-05 4.533158886699543124e-14
1.948108124675157707e-05 4.424107576846705690e-14
1.948112919036065131e-05 4.327233219745606678e-14
1.948123725015432872e-05 4.241742415116090875e-14
1.948124574840855307e-05 4.474355837577106850e-14
1.948125510794734879e-05 4.385557730372931772e-14
1.948126907702203524e-05 4.163530007056853709e-14
1.948136897494301856e-05 4.110727122526348514e-14
1.948313882369743399e-05 4.622145333136265259e-14
1.948338682053442499e-05 4.566386059328145187e-14
1.948614992811556614e-05 4.586979336024268873e-14
1.948617168994098753e-05 4.636208732172996610e-14
1.948646504420590561e-05 4.537963845150244419e-14
1.948876527284930203e-05 4.551956516220096049e-14
1.948884928690843598e-05 4.590169012312781198e-14
1.948903041014310883e-05 4.491282450521698404e-14
1.949030271722735464e-05 4.171342641511748557e-14
1.949030322554036438e-05 4.346289478907007462e-14
1.949035770546990421e-05 3.704104580176201257e-14
1.949042627731096709e-05 3.139037108267039072e-14
1.949048960835408136e-05 4.425872614706745330e-14
1.949052232295055506e-05 3.186691058184499267e-14
1.949054370720487041e-05 3.654815754163799069e-14
1.949054959743594606e-05 4.269867733508545843e-14
1.949056490663417078e-05 4.124692099141683987e-14
1.949056978601458557e-05 4.078421458255641351e-14
1.949057466539500037e-05 4.032150840536906800e-14
1.949057954477541516e-05 3.985880245985461402e-14
1.949058442415582996e-05 3.939609674601286223e-14
1.949058930353624475e-05 3.893339126384366750e-14
1.949059418291665616e-05 3.847068601334684049e-14
1.949059906229707096e-05 3.800798099452220450e-14
1.949060391703414974e-05 3.754761309965192833e-14
1.949061961483881884e-05 3.605901391284775224e-14
1.949062449421923364e-05 3.559631010152385164e-14
1.949062937359964843e-05 3.513360652187108184e-14
1.949063425298006323e-05 3.467090317388924718e-14
1.949063913236047464e-05 3.420820005757818990e-14
1.949064401174088943e-05 3.374549717293772068e-14
1.949064889112130423e-05 3.328279451996765649e-14
1.949065377050171902e-05 3.282009209866784587e-14
1.949067297382085001e-05 4.218081452165022913e-14
1.949067639308364093e-05 3.067483844512119347e-14
1.949076505364367133e-05 3.233089861772269611e-14
1.949082327352361782e-05 3.016456283069072809e-14
1.949165564037482319e-05 4.515881356703123637e-14
1.949175347934513353e-05 4.482628461733650889e-14
1.949194902421174516e-05 4.417385512529374536e-14
1.949195390359215996e-05 4.371118084037800271e-14
1.949195878297257475e-05 4.324850678710278304e-14
1.949244062178850530e-05 4.586129796160585528e-14
1.949502658251317045e-05 4.631087790174348677e-14
1.949697315285761140e-05 4.591396566998028250e-14
1.949743126401897247e-05 4.657305449679809535e-14
1.949940598168817913e-05 4.551530814937972692e-14
1.949973977566653427e-05 4.606521775481349429e-14
1.950150369069694127e-05 4.671284410414645451e-14
1.950283237872423625e-05 4.620640494581622085e-14
1.950457610030149853e-05 4.672426743982558317e-14
1.950479732000314718e-05 4.580035554552938504e-14
1.950589806386665039e-05 4.644008401717789383e-14
1.950714353311044740e-05 4.708334366683679293e-14
1.950903231169688948e-05 4.643397605389967349e-14
1.951059700801944128e-05 4.699600262836277634e-14
1.951207433554079718e-05 4.645157089671882913e-14
1.951432759678724537e-05 4.697848941420752333e-14
1.951515386038038796e-05 4.649111735494381820e-14
1.951682378296110387e-05 4.691460350877432955e-14
1.951836389861270836e-05 4.654996058793405246e-14
1.952013917633303166e-05 4.709929631360716888e-14
1.952021092786845974e-05 4.774869527248586626e-14
1.952213865104268406e-05 4.648588903654415922e-14
1.952382642307458208e-05 4.705802795974844050e-14
1.952515544167461801e-05 4.658463467648660972e-14
1.952616038809212607e-05 4.712932150390489553e-14
1.952834787136365621e-05 4.649061844816722997e-14
1.953132852854970472e-05 4.648298916390704442e-14
1.953430627078122397e-05 4.652615585072806284e-14
1.953663986826102131e-05 4.631351936801986067e-14
1.953761362710227872e-05 4.686632846766680811e-14
1.953968044184463751e-05 4.721186876672367563e-14
1.954206873344718049e-05 4.675454217311707723e-14
1.954264060105632863e-05 4.721849514997933903e-14
1.954562845585656216e-05 4.673003214536622689e-14
1.954579424958256630e-05 4.729163235024790195e-14
1.954739185116862691e-05 4.649080274005749527e-14
1.954766617629798806e-05 4.731067469983477232e-14
1.954962907649264453e-05 4.604650007159788892e-14
1.954999583401255043e-05 4.407313297523784491e-14
1.955004618034682635e-05 4.525884194630335645e-14
1.955011552669271542e-05 4.316191197548815317e-14
1.955012040607313021e-05 4.270061451496211993e-14
1.955012528545354501e-05 4.223931728470017361e-14
1.955013077845301256e-05 4.172000870857763124e-14
1.955018531661864589e-05 4.459032382219071492e-14
1.955019263568926469e-05 4.657382581706936881e-14
1.955025236057291002e-05 4.360289076056144362e-14
1.955237177380668133e-05 4.697903217448837369e-14
1.955291422101045095e-05 4.611805400318588745e-14
1.955312891374868839e-05 4.649485384987800529e-14
1.955550664136941654e-05 4.683712338787797786e-14
1.955777761036457405e-05 4.650994255497145321e-14
1.955943495845935978e-05 4.691098562192004471e-14
1.956174220740917086e-05 4.641686153654622770e-14
1.956201803591377952e-05 4.693680581714964116e-14
1.956444847008423075e-05 4.636049744123706281e-14
1.956534146077275297e-05 4.695644240763959979e-14
1.956783909516262622e-05 4.641843075702450291e-14
1.956817253643324000e-05 4.685121686346356860e-14
1.957023064307390165e-05 4.606265311291612077e-14
1.957144017998232750e-05 4.709056819419262359e-14
1.957144503920001406e-05 4.663167648913680819e-14
1.957358534648636641e-05 4.643208668370520445e-14
1.957455520063420477e-05 4.689576482323295683e-14
1.957666846432426207e-05 4.642915907325068028e-14
1.957747385358810777e-05 4.615605694736261139e-14
1.957839089546790877e-05 4.694065150820182407e-14
1.958053682127471780e-05 4.705877868968141466e-14
1.958182199410031689e-05 4.659135684223961596e-14
1.958276897622447310e-05 4.624578382278965547e-14
1.958474491963250308e-05 4.672052634299274125e-14
1.958565450450301356e-05 4.608898734666358222e-14
1.958762175292619369e-05 4.563569598525704829e-14
1.958804038317096848e-05 4.666587051748390314e-14
1.958882934413127243e-05 4.629002358112661614e-14
1.959097141061573151e-05 4.666631241117913678e-14
1.959269531050216917e-05 4.644560299544747411e-14
1.959530527146598796e-05 4.649256942966479620e-14
1.959584573186546485e-05 4.554089847304098779e-14
1.959626681650151361e-05 4.614249653380228087e-14
1.959905410796881740e-05 4.636871750702873438e-14
1.960224699338353972e-05 4.639281942365146562e-14
1.960540754315769497e-05 4.635275193059915025e-14
1.960679573162978670e-05 4.573993295379103554e-14
1.960772518836638559e-05 4.425718593161832523e-14
1.960788973279714985e-05 4.245531380753184287e-14
1.960799089280895768e-05 4.292320777778288590e-14
1.960800468814812678e-05 4.162284435194279807e-14
1.960804924064468274e-05 4.357917973887997678e-14
1.960807614334744858e-05 4.489073580640779583e-14
1.960814215360180617e-05 4.200299962771356755e-14
1.960868011761416978e-05 4.612695430444178295e-14
1.960881785669688255e-05 4.666651275876692341e-14
1.960945610104198990e-05 4.581038805540978764e-14
1.961157927266318505e-05 4.675305882081702432e-14
1.961191672400243639e-05 4.632758778762026884e-14
1.961411237125894734e-05 4.609895650585280735e-14
1.961480975300818565e-05 4.673405472798873969e-14
1.961785358690507907e-05 4.689838292930243249e-14
1.961808406862832445e-05 4.651354350516545317e-14
1.962006591769967242e-05 4.605022595639883773e-14
1.962040403658339398e-05 4.657017016137967823e-14
1.962123159059119077e-05 4.692316563271594396e-14
1.962396014381546870e-05 4.703436266575655434e-14
1.962436698064002970e-05 4.647627248258300524e-14
1.962655527186091275e-05 4.694050325858569312e-14
1.962722587616187747e-05 4.641661148364856100e-14
1.962865005394552316e-05 4.584672713035750774e-14
1.962889085937805981e-05 4.519321183062447989e-14
1.962924381046929218e-05 4.471287645924677902e-14
1.962976601506865175e-05 4.439484591114339463e-14
1.963060305059975225e-05 4.552035859982811967e-14
1.963106149056869520e-05 4.676509079698429782e-14
1.963116069119530378e-05 4.630671518885236524e-14
1.963157654748062762e-05 4.590890564711527762e-14
1.963442042212519589e-05 4.659377675136319915e-14
1.963687704665269981e-05 4.632262239186233779e-14
1.963726999106477525e-05 4.686016361813590977e-14
1.964007139957804442e-05 4.665244895095922133e-14
1.964032063241521567e-05 4.716662146876498478e-14
1.964095831568438415e-05 4.641220770120174251e-14
1.964332095402280724e-05 4.711368148570802134e-14
1.964344363918799923e-05 4.666485616618529097e-14
1.964417678457777765e-05 4.646991978984656341e-14
1.964627899662801721e-05 4.689681607161414962e-14
1.964665059841158519e-05 4.743553612754888136e-14
1.964813577337907693e-05 4.674822173981266552e-14
1.964826773844028694e-05 4.764497630390747701e-14
1.964898136366804863e-05 4.706788081061560475e-14
1.964915504637565873e-05 4.625877877185298426e-14
1.965101570621228296e-05 4.500567670360485558e-14
1.965102075745596058e-05 4.399286186340031509e-14
1.965105403026016711e-05 4.554156486455868826e-14
1.965112705536317065e-05 3.537779245586562386e-14
1.965117313223958533e-05 4.055015970580840282e-14
1.965117801162000012e-05 4.009123514936531675e-14
1.965122301651132377e-05 3.585836220151306950e-14
1.965123444609029351e-05 3.478337201108350505e-14
1.965124052654896358e-05 4.342502335713121968e-14
1.965129012031369013e-05 4.285545336454069404e-14
1.965129499969410493e-05 4.239653096776674670e-14
1.965129987907451972e-05 4.193760879889191284e-14
1.965130475845493113e-05 4.147868685791604731e-14
1.965133018333613921e-05 3.908739598727954454e-14
1.965133506271655401e-05 3.862847546170690107e-14
1.965133994209696880e-05 3.816955516403198268e-14
1.965134482147738360e-05 3.771063509425459375e-14
1.965134970085779840e-05 3.725171525237461436e-14
1.965135458023821319e-05 3.679279563839184257e-14
1.965135942793433738e-05 3.633685624758453555e-14
1.965137313138907321e-05 4.455397666514533308e-14
1.965139575397099512e-05 3.957446754586989740e-14
1.965142312285931940e-05 4.099284763899024141e-14
1.965267670222480454e-05 4.552657384644746849e-14
1.965322292668320628e-05 4.738567043465721927e-14
1.965326811763171020e-05 4.609285060032557259e-14
1.965329733406609674e-05 4.672478892072013959e-14
1.965615240773158976e-05 4.621552095381127521e-14
1.965653864651901306e-05 4.674228815334965924e-14
1.965800829664555695e-05 4.598810102160998246e-14
1.965945321901294034e-05 4.697405255490025098e-14
1.965962852061166441e-05 4.645660988593716575e-14
1.966137220170344877e-05 4.615069464398131045e-14
1.966262013096820225e-05 4.689016426073891171e-14
1.966300788603162191e-05 4.637899399856154524e-14
1.966482436334669284e-05 4.751755988573779537e-14
1.966593842570082742e-05 4.698551298061777945e-14
1.966918962145102896e-05 4.716149771805722460e-14
1.966929631549656476e-05 4.745984848039546795e-14
1.967249123483949549e-05 4.712215821499359053e-14
1.967439147542037370e-05 4.734425953832383780e-14
1.967620610960351839e-05 4.701932741720686682e-14
1.967908467605179021e-05 4.710567748665119191e-14
1.967973300310926576e-05 4.780649813706285907e-14
1.968137544350262861e-05 4.791106479288812734e-14
1.968209215794851111e-05 4.704483281190472040e-14
1.968303117992327520e-05 4.744847206388907450e-14
1.968339849376647907e-05 4.661725441599483953e-14
1.968569779828479376e-05 4.728524042921434493e-14
1.968572992087252223e-05 4.648346691920541683e-14
1.968669311795933960e-05 4.683146955708263597e-14
1.968835997160468072e-05 4.643239217037758742e-14
1.968971386105093708e-05 4.694897918560923221e-14
1.969091481367750106e-05 4.720240188092495524e-14
1.969306814505279168e-05 4.662773054704748214e-14
1.969349974000438245e-05 4.471278515463516193e-14
1.969353984977093765e-05 4.611280290645531394e-14
1.969363029574062115e-05 4.514954151637451137e-14
1.969366766243012991e-05 4.370837653865873087e-14
1.969382786259290345e-05 4.564199912392979726e-14
1.969389495777010271e-05 4.421430330986054045e-14
1.969619511037120439e-05 4.081920979603159434e-14
1.969624097496288690e-05 4.049874818667899415e-14
1.969627673860342362e-05 4.378174882408712122e-14
1.969628923805520106e-05 4.260881767607568761e-14
1.969629411743561585e-05 4.215094381697450963e-14
1.969629899681603065e-05 4.169307018473225946e-14
1.969630381282786762e-05 4.124114318575693221e-14
1.969630616274592507e-05 4.323362967770534765e-14
1.969640620852692106e-05 4.491047043232278533e-14
1.969654298930659649e-05 4.535314463968176637e-14
1.969668260425653814e-05 4.432279581540360951e-14
1.969682057781098453e-05 4.586060138690288822e-14
1.969684124460819352e-05 4.633542527094090250e-14
1.969902593678195694e-05 4.604941560102949617e-14
1.969970880712710652e-05 4.671570368807705128e-14
1.970131675043904909e-05 4.718164112810792681e-14
1.970261428571121469e-05 4.658450731434486267e-14
1.970433103661436305e-05 4.716575675498972001e-14
1.970597345367461434e-05 4.671695425185025708e-14
1.970703613922392361e-05 4.734660131142866143e-14
1.970845076501380100e-05 4.661430086217686010e-14
1.970979335425859745e-05 4.600283669338352391e-14
1.970979844433952852e-05 3.965657872708598629e-14
1.970987527081784020e-05 4.240391425907596622e-14
1.970988015019825500e-05 4.194635606343924758e-14
1.970988502957866979e-05 4.148879809434882170e-14
1.970988990895908459e-05 4.103124035180449295e-14
1.970989478833949939e-05 4.057368283580610355e-14
1.970989966771991418e-05 4.011612554635348311e-14
1.970991163117914610e-05 3.899426931968060067e-14
1.971001175089015013e-05 4.287450165494321081e-14
1.971007087271616951e-05 4.352254374620660605e-14
1.971012630543488069e-05 4.540109862656713012e-14
1.971018898329420264e-05 4.483109494635653234e-14
1.971028052342797924e-05 4.420833715099620485e-14
1.971041707214957870e-05 4.467246503749381891e-14
1.971285434730994912e-05 4.611273424352565783e-14
1.971294165248652945e-05 4.677157445428866247e-14
1.971321757247175352e-05 4.743502645259664793e-14
1.971500336937583018e-05 4.214975787064217379e-14
1.971508340476846373e-05 4.496400707733521175e-14
1.971509373648684115e-05 4.399541712751373626e-14
1.971509861586725595e-05 4.353797965083634320e-14
1.971510349524766736e-05 4.308054240058550013e-14
1.971510438240774339e-05 4.447129798750495308e-14
1.971510837462808215e-05 4.262310537676104296e-14
1.971511337074008608e-05 4.564560082801873942e-14
1.971512574817955928e-05 4.099435417579841250e-14
1.971513062755997407e-05 4.053691818461336541e-14
1.971513550694038887e-05 4.007948241985376390e-14
1.971514038632080366e-05 3.962204688151945020e-14
1.971520421009522467e-05 4.159783222012290110e-14
1.971524616959836082e-05 3.918022874063604580e-14
1.971624724789232484e-05 4.639911200644171701e-14
1.971728954084461281e-05 4.706948137739117107e-14
1.971818304965926202e-05 4.621219749989433510e-14
1.971913760925701623e-05 4.663242041381791370e-14
1.972034951427796036e-05 4.739375076441926871e-14
1.972251847254280046e-05 4.680594615610917624e-14
1.972291358432776514e-05 4.638012293755649412e-14
1.972506820395126734e-05 4.694554597830908780e-14
1.972553421233240567e-05 4.742022618308287643e-14
1.972830334527970322e-05 4.744397937014087713e-14
1.972906942051600755e-05 4.705400602294817544e-14
1.972923551166811724e-05 4.664376580879563599e-14
1.973208741094703811e-05 4.711349746682564633e-14
1.973298140646756419e-05 4.676348904193747148e-14
1.973588750615625005e-05 4.664108229934719686e-14
1.973606258865947364e-05 4.713636783150879507e-14
1.973868931122117331e-05 4.723924495175356316e-14
1.973882516613809923e-05 4.674846535805134453e-14
1.974049911777490916e-05 4.640387460579160809e-14
1.974186554759847822e-05 4.573070545816940130e-14
1.974200012437933276e-05 4.502000272833783672e-14
1.974237051858530406e-05 4.324300626865166361e-14
1.974237430309752793e-05 4.372978204164173473e-14
1.974238713303403620e-05 3.553717665870891194e-14
1.974246778647031770e-05 4.033025382820716237e-14
1.974247505983875545e-05 4.430583017205054050e-14
1.974256411592432051e-05 4.215039540484818173e-14
1.974256899530473530e-05 4.169359487585571592e-14
1.974256997118081623e-05 3.214017822733567937e-14
1.974257387468515010e-05 4.123679457265989150e-14
1.974257875406556150e-05 4.077999449526057595e-14
1.974258228052686357e-05 4.265766458477505611e-14
1.974259542158547838e-05 3.921960866113788467e-14
1.974260030096589317e-05 3.876280958083330152e-14
1.974260518034630797e-05 3.830601072632429953e-14
1.974261005972672276e-05 3.784921209761072095e-14
1.974261493910713756e-05 3.739241369469237012e-14
1.974261981848755235e-05 3.693561551756911453e-14
1.974262469786796715e-05 3.647881756624075853e-14
1.974262954952462766e-05 3.602461528169168035e-14
1.974264050040680667e-05 3.499941666002087964e-14
1.974264626694729750e-05 3.445956569105429047e-14
1.974265114632771229e-05 3.400276896363406162e-14
1.974265400943522948e-05 3.975601441503737751e-14
1.974265602570812709e-05 3.354597246200767844e-14
1.974266090508854188e-05 3.308917618617495162e-14
1.974266578446895668e-05 3.263238013613572337e-14
1.974281620245973328e-05 3.179742847178060889e-14
1.974394684361777645e-05 4.517001873620634713e-14
1.974395172299819125e-05 4.471324945206595085e-14
1.974410205227295956e-05 4.388656495876638842e-14
1.974415443907540901e-05 4.560548565018615643e-14
1.974461460900649989e-05 4.623960031108636693e-14
1.974576794129974164e-05 4.689037151802936122e-14
1.974689585242428005e-05 4.727164972860109850e-14
1.974900557822749256e-05 4.657264195318312617e-14
1.974983499896794552e-05 4.735293972372099608e-14
1.975251874268734838e-05 4.695387817253807357e-14
1.975303300062344916e-05 4.742983362042844729e-14
1.975608174442057758e-05 4.746329342163487080e-14
1.975631854434298099e-05 4.699434125507364697e-14
1.975842307814746300e-05 4.772682138802230214e-14
1.975947762919886167e-05 4.714881322320666482e-14
1.976035501035066296e-05 4.689946547792442102e-14
1.976320397212042050e-05 4.740193568959659120e-14
1.976386851597669423e-05 4.793592750978397672e-14
1.976410026190304745e-05 4.684758603795324948e-14
1.976659623995273525e-05 4.646987403372543228e-14
1.976664023200297226e-05 4.345897008233812162e-14
1.976672568892939928e-05 4.539140610033907652e-14
1.976676229968459144e-05 4.196814919273370314e-14
1.976687321449669253e-05 4.293774093672727255e-14
1.976687776911314893e-05 4.440195269961334212e-14
1.976689870978742965e-05 4.244392767595373661e-14
1.976699292125876672e-05 4.392528091081544349e-14
1.976703782388024712e-05 4.707702990652393147e-14
1.976704219314361768e-05 4.490442725143423704e-14
1.976704782661009609e-05 4.173158752788073997e-14
1.976707819705667457e-05 4.594811896020823428e-14
1.976841028269582924e-05 4.664282069220057400e-14
1.976926235325557853e-05 4.774720911892867880e-14
1.977002463175477805e-05 4.724558120153545881e-14
1.977214860891088241e-05 4.770600608886735097e-14
1.977282070395761654e-05 4.251175900584263099e-14
1.977283122314136651e-05 4.341799036101922253e-14
1.977283891925502051e-05 4.534391393497583771e-14
1.977293721860764295e-05 4.673661659299622938e-14
1.977294233994080668e-05 4.625790009924292005e-14
1.977294721932122148e-05 4.580180036343867191e-14
1.977295769889961157e-05 4.482222328267086436e-14
1.977296280799111633e-05 4.434465206651566496e-14
1.977297747781664794e-05 4.297339469040424219e-14
1.977307422876169919e-05 4.384951343283530319e-14
1.977314390188848457e-05 4.725669345488967475e-14
1.977533508459406063e-05 4.744709639469417960e-14
1.977595347213158725e-05 4.695835713948307385e-14
1.977730490208495797e-05 4.660050280149238847e-14
1.977940933244955963e-05 4.706413609226103501e-14
1.978095502188144557e-05 4.677606971364963627e-14
1.978249104097859116e-05 4.721873384187305921e-14
1.978340863109259663e-05 4.668492599813792166e-14
1.978560440604638864e-05 4.718064490672613230e-14
1.978692658084013099e-05 4.661849083395125576e-14
1.978708012290174401e-05 4.738164128652935467e-14
1.978879400527233244e-05 4.589603794949894768e-14
1.978978397806789555e-05 4.672144371169915185e-14
1.979196793133694316e-05 4.725004491034908715e-14
1.979431020903327614e-05 4.679913445455181227e-14
1.979541380892965374e-05 4.728610592640849801e-14
1.979790823902582745e-05 4.673892822567153629e-14
1.979805498304733992e-05 4.729758075770366807e-14
1.979965395354483411e-05 4.655979907291851944e-14
1.980141150520281311e-05 4.711626195519852847e-14
1.980421204777070535e-05 4.708170568706459216e-14
1.980538833448194266e-05 4.665397548694470156e-14
1.980743795575874079e-05 4.701932110750940400e-14
1.980877921871141003e-05 4.649836498570844205e-14
1.981045674160081401e-05 4.610170663330531858e-14
1.981187901199029522e-05 4.659509440761544663e-14
1.981272446075611101e-05 4.692532048800785815e-14
1.981467468257077448e-05 4.715401318027422682e-14
1.981479226824576313e-05 4.645148156348390492e-14
1.981641328713545935e-05 4.600416576366135651e-14
1.981818593820756867e-05 4.649207364022691257e-14
1.982037818716883036e-05 4.685990201500049983e-14
1.982128194585077970e-05 4.622937736673961806e-14
1.982266816119228239e-05 4.396402746479777655e-14
1.982291049451161778e-05 4.445714377619711668e-14
1.982292072457623628e-05 4.350330085977964250e-14
1.982292560395665108e-05 4.304835173964240024e-14
1.982292996582701983e-05 4.264165498851169920e-14
1.982301831218452541e-05 4.495885620827767774e-14
1.982303889429827380e-05 4.567842861742823423e-14
1.982438683581148984e-05 4.627494729817870040e-14
1.982443736908306748e-05 4.721741104781618416e-14
1.982444190972963648e-05 4.679407670354317497e-14
1.982632789981065956e-05 4.465629370179644203e-14
1.982636448037776688e-05 4.168583981034699130e-14
1.982641660657694370e-05 3.748604247711476882e-14
1.982644075396524608e-05 4.512809902687311548e-14
1.982646283439378932e-05 4.306970486499432812e-14
1.982646771377420412e-05 4.261483713078262514e-14
1.982647259315461553e-05 4.215996962046073529e-14
1.982649816589583628e-05 3.977602119331641581e-14
1.982650304527625108e-05 3.932115508028297096e-14
1.982650792465666587e-05 3.886628919113815280e-14
1.982651280403708067e-05 3.841142352588180355e-14
1.982651768341749546e-05 3.795655808451374651e-14
1.982659957779773615e-05 4.351297219359932492e-14
1.982660419842312792e-05 4.572037566667099753e-14
1.982663016264133690e-05 4.066180120971047814e-14
1.982663504202174831e-05 4.020693790697686147e-14
1.982667651675527407e-05 3.634060887311161971e-14
1.982668142385943976e-05 3.588316325942660156e-14
1.982668620158609563e-05 3.690340949861956989e-14
1.982670960782608504e-05 4.117022510743409593e-14
1.982671624674064826e-05 4.406884658876399658e-14
1.982813234643894027e-05 4.572338424503557950e-14
1.982821930367509414e-05 4.641082882908021210e-14
1.982923238057438062e-05 4.694301665484509328e-14
1.983165448283312642e-05 4.715099213077347755e-14
1.983186157134214653e-05 4.668981324553058064e-14
1.983347379717477387e-05 4.625370985877711057e-14
1.983541094038221954e-05 4.652120207459631376e-14
1.983589995712967127e-05 4.590279515229004628e-14
1.983805354073294892e-05 4.420268942932283600e-14
1.983817365470543149e-05 4.541953971623249942e-14
1.983834289353627681e-05 4.361050137971745950e-14
1.983843963430994976e-05 4.658195165211401080e-14
1.983863071361215496e-05 4.316112758715954829e-14
1.983867220242758314e-05 4.222530911019005314e-14
1.983877721384067166e-05 4.269513154223554951e-14
1.983879176485012027e-05 3.945626114083819085e-14
1.983879785879492366e-05 4.077175513514995278e-14
1.983880273817533845e-05 4.031717078584032875e-14
1.983880761755575325e-05 3.986258666014193635e-14
1.983893431246365807e-05 4.124175552067817017e-14
1.983896462640658971e-05 4.171322741456649890e-14
1.983902313024496697e-05 4.495126244236450034e-14
1.983907036479807189e-05 4.614328710033485978e-14
1.983987723688661098e-05 4.567289832054741090e-14
1.984014560280940778e-05 4.703584475774511786e-14
1.984018923465622429e-05 4.736508229190088153e-14
1.984018923465622429e-05 5.616305878470728707e-01
