9.999999999999999547e-07 1.000000000000000000e+00
1.009271514630571795e-06 1.000000000000000000e+00
1.018628990244686430e-06 1.000000000000000000e+00
1.028073223830864688e-06 1.000000000000000000e+00
1.037605019766911805e-06 1.000000000000000000e+00
1.047225189888435394e-06 1.000000000000000000e+00
1.056934553557987269e-06 1.000000000000000000e+00
1.066733937734857050e-06 1.000000000000000000e+00
1.076624177045493213e-06 1.000000000000000000e+00
1.086606113854597953e-06 1.000000000000000000e+00
1.096680598336867487e-06 1.000000000000000000e+00
1.106848488549411890e-06 1.000000000000000000e+00
1.117110650504824176e-06 1.000000000000000000e+00
1.127467958244947345e-06 1.000000000000000000e+00
1.137921293915313960e-06 1.000000000000000000e+00
1.148471547840288990e-06 1.000000000000000000e+00
1.159119618598885814e-06 1.000000000000000000e+00
1.169866413101308149e-06 1.000000000000000000e+00
1.180712846666189074e-06 1.000000000000000000e+00
1.191659843098558720e-06 1.000000000000000000e+00
1.202708334768512033e-06 1.000000000000000000e+00
1.213859262690628910e-06 1.000000000000000000e+00
1.225113576604117707e-06 1.000000000000000000e+00
1.236472235053714927e-06 1.000000000000000000e+00
1.247936205471311460e-06 1.000000000000000000e+00
1.259506464258358937e-06 1.000000000000000000e+00
1.271183996869027608e-06 1.000000000000000000e+00
1.282969797894147525e-06 1.000000000000000000e+00
1.294864871145904843e-06 1.000000000000000000e+00
1.306870229743347683e-06 1.000000000000000000e+00
1.318986896198669140e-06 1.000000000000000000e+00
1.331215902504307683e-06 1.000000000000000000e+00
1.343558290220826187e-06 1.000000000000000000e+00
1.356015110565634823e-06 1.000000000000000000e+00
1.368587424502517782e-06 1.000000000000000000e+00
1.381276302832009359e-06 1.000000000000000000e+00
1.394082826282578537e-06 1.000000000000000000e+00
1.407008085602686427e-06 1.000000000000000000e+00
1.420053181653681648e-06 1.000000000000000000e+00
1.433219225503573858e-06 1.000000000000000000e+00
1.446507338521647125e-06 1.000000000000000000e+00
1.459918652473980043e-06 1.000000000000000000e+00
1.473454309619834269e-06 1.000000000000000000e+00
1.487115462808953834e-06 1.000000000000000000e+00
1.500903275579736475e-06 1.000000000000000000e+00
1.514818922258347287e-06 1.000000000000000000e+00
1.528863588058729597e-06 1.000000000000000000e+00
1.543038469183564517e-06 1.000000000000000000e+00
1.557344772926135124e-06 1.000000000000000000e+00
1.571783717773161133e-06 1.000000000000000000e+00
1.586356533508589652e-06 1.000000000000000000e+00
1.601064461318317682e-06 1.000000000000000000e+00
1.615908753895919187e-06 1.000000000000000000e+00
1.630890675549334193e-06 1.000000000000000000e+00
1.646011502308549753e-06 1.000000000000000000e+00
1.661272522034292912e-06 1.000000000000000000e+00
1.676675034527700932e-06 1.000000000000000000e+00
1.692220351641035485e-06 1.000000000000000000e+00
1.707909797389426842e-06 1.000000000000000000e+00
1.723744708063619884e-06 1.000000000000000000e+00
1.739726432343802417e-06 1.000000000000000000e+00
1.755856331414467071e-06 1.000000000000000000e+00
1.772135779080358465e-06 1.000000000000000000e+00
1.788566161883461801e-06 1.000000000000000000e+00
1.805148879221109955e-06 1.000000000000000000e+00
1.821885343465165254e-06 1.000000000000000000e+00
1.838776980082326952e-06 1.000000000000000000e+00
1.855825227755518885e-06 1.000000000000000000e+00
1.873031538506438410e-06 1.000000000000000000e+00
1.890397377819219616e-06 1.000000000000000000e+00
1.907924224765265228e-06 1.000000000000000000e+00
1.925613572129198713e-06 1.000000000000000000e+00
1.943466926536022134e-06 3.694412330183676389e-15
1.961485808579429362e-06 3.712348570117251479e-15
1.979671752951332661e-06 3.695456144552171754e-15
1.998026308572550550e-06 3.661508415705999055e-15
2.016551038724748437e-06 3.709493738918801809e-15
2.035247521183575675e-06 3.762771009002346565e-15
2.054117348353064285e-06 3.808367819041708726e-15
2.073162127401231305e-06 3.840378766950940308e-15
2.092383480396979220e-06 3.872658780463793733e-15
2.111783044448242377e-06 3.850440906482785695e-15
2.131362471841437407e-06 3.815069434405060027e-15
2.151123430182167256e-06 3.780022896813366109e-15
2.171067602537266918e-06 3.806556539320423845e-15
2.191196687578147241e-06 3.941423711460607698e-15
2.211512399725488909e-06 3.919900572765868165e-15
2.232016469295234499e-06 3.816354070172347013e-15
2.252710642645982801e-06 3.903045028717370835e-15
2.273596682327715100e-06 4.005875404170546248e-15
2.294676367231935999e-06 3.998503769581335644e-15
2.315951492743154674e-06 3.961772141211112995e-15
2.337423870891817523e-06 3.985087679255519482e-15
2.359095330508633751e-06 4.042319100434121935e-15
2.380967717380358287e-06 4.093504633076044683e-15
2.403042894406969757e-06 4.055900294158604353e-15
2.425322741760355330e-06 4.018641401608577220e-15
2.447809157044440178e-06 3.993247879146264299e-15
2.470504055456825507e-06 3.979830256373053997e-15
2.493409369951880510e-06 3.966457717853647313e-15
2.516527051405389061e-06 3.889873080470483424e-15
2.539859068780724019e-06 3.809264864980694018e-15
2.563407409296514869e-06 3.824370910153956552e-15
2.587174078595923857e-06 4.030529830549155729e-15
2.611161100917462053e-06 4.056680352078223504e-15
2.635370519267393157e-06 3.972606404277728751e-15
2.659804395593758544e-06 3.896553693197502437e-15
2.684464810961965071e-06 9.861029739285054639e-16
2.709353865732048743e-06 9.722367345452090599e-16
2.734473679737579937e-06 1.049887070124579401e-15
2.759826392466180516e-06 1.253856906271795429e-15
2.785414163241768898e-06 1.153564026208620911e-15
2.811239171408461075e-06 1.373827281298594796e-15
2.837303616516211435e-06 9.637078504013075717e-16
2.863609718508115888e-06 1.360028366160772566e-15
2.890159717909511546e-06 1.333379043493636929e-15
2.916955876018792919e-06 1.332479928259259021e-15
2.944000475100033559e-06 1.270637120904865071e-15
2.971295818577333959e-06 1.201919011640461097e-15
2.998844231231030804e-06 1.296667954187256527e-15
3.026648059395689231e-06 1.224038301424645893e-15
3.054709671159967875e-06 1.224780865370506073e-15
3.083031456568277085e-06 9.876195131050677053e-16
3.111615827824362867e-06 4.033509347214508143e-15
3.140465219496749226e-06 4.013586792542329478e-15
3.169582088726115117e-06 1.173682108780232491e-15
3.198968915434537847e-06 1.229470022185240785e-15
3.228628202536733772e-06 1.055743713012467311e-15
3.258562476153223031e-06 1.332051944729901585e-15
3.288774285825510224e-06 1.688457031864180644e-15
3.319266204733189963e-06 1.636477974557665071e-15
3.350040829913136129e-06 1.707069145772806703e-15
3.381100782480682084e-06 1.761485909315781395e-15
3.412448707852889659e-06 1.784296663860888829e-15
3.444087275973823496e-06 1.729339297278129657e-15
3.476019181541981086e-06 1.750419862458198436e-15
3.508247144239788729e-06 1.757377654729367658e-15
3.540773908965269697e-06 1.763418468408129818e-15
3.573602246065788486e-06 1.691538368805128133e-15
3.606734951574031651e-06 1.820602640808894382e-15
3.640174847446137571e-06 1.875890239566199230e-15
3.673924781802074229e-06 1.829368377172563047e-15
3.707987629168172278e-06 1.885101390556195010e-15
3.742366290721976852e-06 1.702563950016027759e-15
3.777063694539364774e-06 1.674970502682898572e-15
3.812082795843888179e-06 1.788667199915324897e-15
3.847426577258505938e-06 1.885501639351090978e-15
3.883098049059609255e-06 1.786153755974773488e-15
3.919100249433402028e-06 1.837142884581522289e-15
3.955436244734701173e-06 1.085495532421072498e-15
3.992109129748053595e-06 1.069627876140578263e-15
4.029122027951343848e-06 1.115210691910119698e-15
4.066478091781853959e-06 1.162485717909709371e-15
4.104180502904709349e-06 1.252000637043697131e-15
4.142232472483898033e-06 1.534412792516652764e-15
4.180637241455762313e-06 1.651380688329383802e-15
4.219398080805023945e-06 1.000000000000000000e+00
4.258518291843414780e-06 8.007566809609138212e-15
4.298001206490798531e-06 7.908672011579377251e-15
4.337850187558984404e-06 3.037836339934337924e-15
4.378068629038166541e-06 2.556160219623909446e-15
4.418659956385940975e-06 2.367317602995683921e-15
4.459627626819095778e-06 2.670002418288528358e-15
4.500975129608050721e-06 1.420635229557531604e-14
4.542705986374043022e-06 1.697614425257422846e-15
4.584823751389096440e-06 1.745538650909004231e-15
4.627332011878693252e-06 1.568351022012420209e-15
4.670234388327330377e-06 1.020624648356833261e-15
4.713534534786907132e-06 2.956019577363653219e-15
4.757236139187889561e-06 2.344727205167583491e-15
4.801342923653455473e-06 2.558997298556818478e-15
4.845858644816490594e-06 2.623088494641097936e-15
4.890787094139589993e-06 2.492086301587281728e-15
4.936132098237916544e-06 1.705508819802839988e-15
4.981897519205165464e-06 1.498444993939766838e-15
5.028087254942474832e-06 1.453362971858236677e-15
5.074705239490465890e-06 1.365336377234665330e-15
5.121755443364241186e-06 1.722014542664176668e-15
5.169241873891603982e-06 1.051863490718123216e-15
5.217168575554343925e-06 1.593272756775951167e-15
5.265539630332755835e-06 1.351432985519509484e-15
5.314359158053241704e-06 1.408420673562410054e-15
5.363631316739245757e-06 1.424458434417750801e-15
5.413360302965375215e-06 1.457457007014438923e-15
5.463550352214876149e-06 1.000000000000000000e+00
5.514205739240301802e-06 1.000000000000000000e+00
5.565330778427652055e-06 1.000000000000000000e+00
5.616929824163803614e-06 1.000000000000000000e+00
5.669007271207434205e-06 1.000000000000000000e+00
5.721567555063251900e-06 1.000000000000000000e+00
5.774615152359826014e-06 1.000000000000000000e+00
5.828154581230840030e-06 1.000000000000000000e+00
5.882190401699956262e-06 1.000000000000000000e+00
5.936727216069126249e-06 1.000000000000000000e+00
5.991769669310612853e-06 1.000000000000000000e+00
6.047322449462642738e-06 1.000000000000000000e+00
6.103390288028621462e-06 1.000000000000000000e+00
6.159977960380168701e-06 1.000000000000000000e+00
6.217090286163833819e-06 1.000000000000000000e+00
6.274732129711574816e-06 1.000000000000000000e+00
6.332908400455114979e-06 1.000000000000000000e+00
6.391624053344005319e-06 1.000000000000000000e+00
6.450884089267685838e-06 1.000000000000000000e+00
6.510693555481454163e-06 1.000000000000000000e+00
6.571057546036270392e-06 1.000000000000000000e+00
6.631981202212675134e-06 1.632190361121406301e-14
6.693469712958667425e-06 1.647779175989775373e-14
6.755528315331639933e-06 1.606961302559795407e-14
6.818162294944479024e-06 1.502102965442696228e-14
6.881376986415670447e-06 1.000000000000000000e+00
6.945177773823689313e-06 1.000000000000000000e+00
7.009570091165617612e-06 1.000000000000000000e+00
7.074559422819878311e-06 1.000000000000000000e+00
7.140151304013402828e-06 1.000000000000000000e+00
7.206351321293059920e-06 1.000000000000000000e+00
7.273165113001454420e-06 1.000000000000000000e+00
7.340598369757211859e-06 1.000000000000000000e+00
7.408656834939567709e-06 1.000000000000000000e+00
7.477346305177580577e-06 1.000000000000000000e+00
7.546672630843886349e-06 1.000000000000000000e+00
7.616641716552891624e-06 1.000000000000000000e+00
7.687259521663735955e-06 1.000000000000000000e+00
7.758532060787827210e-06 1.000000000000000000e+00
7.830465404301182155e-06 1.000000000000000000e+00
7.903065678861348643e-06 1.000000000000000000e+00
7.976339067929281247e-06 1.000000000000000000e+00
8.050291812295972131e-06 1.000000000000000000e+00
8.124930210614047241e-06 1.000000000000000000e+00
8.200260619934131279e-06 1.000000000000000000e+00
8.276289456246352480e-06 1.000000000000000000e+00
8.353023195026770343e-06 1.000000000000000000e+00
8.430468371788966871e-06 1.000000000000000000e+00
8.508631582640581106e-06 1.000000000000000000e+00
8.587519484845179956e-06 1.000000000000000000e+00
8.667138797389224784e-06 1.000000000000000000e+00
8.747496301554414961e-06 1.000000000000000000e+00
8.828598841495150878e-06 1.000000000000000000e+00
8.910453324821521320e-06 1.000000000000000000e+00
8.993066723187613580e-06 1.000000000000000000e+00
9.076446072885356405e-06 1.000000000000000000e+00
9.160598475443709407e-06 1.000000000000000000e+00
9.245531098233580113e-06 1.000000000000000000e+00
9.331251175078239952e-06 1.000000000000000000e+00
9.417766006869518703e-06 1.751435005493024527e-14
9.505082962189511427e-06 1.704474111557678191e-14
9.593209477938231583e-06 1.000000000000000000e+00
9.682153059967076467e-06 1.000000000000000000e+00
9.771921283717996588e-06 1.000000000000000000e+00
9.862521794868783995e-06 1.000000000000000000e+00
9.953962309984244107e-06 1.000000000000000000e+00
1.004625061717340349e-05 1.000000000000000000e+00
1.013939457675291793e-05 1.000000000000000000e+00
1.023340212191642326e-05 3.442294013261124870e-14
1.032828125941027455e-05 3.576417197799354841e-14
1.042404007021555839e-05 3.825734880152502289e-14
1.052068671023622922e-05 3.952031903287789020e-14
1.061822941099384578e-05 4.614095083588817171e-14
1.071667648032864333e-05 3.600012393077497322e-15
1.081603630310709413e-05 3.630166680905307844e-14
1.091631734193614770e-05 3.779089736430090603e-14
1.101752813788387281e-05 3.640326512014832525e-14
1.111967731120697757e-05 3.893478797510043276e-14
1.122277356208507171e-05 4.311978938143002202e-14
1.132682567136153756e-05 3.612376099250188944e-14
1.143184250129150245e-05 1.000000000000000000e+00
1.153783299629661965e-05 1.000000000000000000e+00
1.164480618372685418e-05 1.000000000000000000e+00
1.175277117462945156e-05 1.000000000000000000e+00
1.186173716452479112e-05 1.000000000000000000e+00
1.197171343418965608e-05 1.000000000000000000e+00
1.208270935044775918e-05 1.000000000000000000e+00
1.219473436696738346e-05 1.000000000000000000e+00
1.230779802506665817e-05 1.000000000000000000e+00
1.242190995452618695e-05 1.000000000000000000e+00
1.253707987440919595e-05 1.000000000000000000e+00
1.265331759388942887e-05 1.000000000000000000e+00
1.277063301308644688e-05 1.000000000000000000e+00
1.288903612390891593e-05 1.000000000000000000e+00
1.300853701090570549e-05 5.108947733046936369e-14
1.312914585212465286e-05 5.017470825624814311e-14
1.325087291997953872e-05 4.812584162309898640e-14
1.337372858212497726e-05 4.593869400064980000e-14
1.349772330233941753e-05 4.782718535324844725e-14
1.362286764141646776e-05 4.604650773219269813e-14
1.374917225806420378e-05 4.545902759619559628e-14
1.387664790981307146e-05 4.495476962371923607e-14
1.400530545393219677e-05 1.000000000000000000e+00
1.413515584835395615e-05 1.000000000000000000e+00
1.426621015260735425e-05 1.000000000000000000e+00
1.439847952876006526e-05 1.000000000000000000e+00
1.453197524236895456e-05 1.000000000000000000e+00
1.466670866343968579e-05 1.000000000000000000e+00
1.480269126739510142e-05 1.000000000000000000e+00
1.493993463605256153e-05 1.000000000000000000e+00
1.507845045861051021e-05 1.000000000000000000e+00
1.521825053264386973e-05 1.000000000000000000e+00
1.535934676510895361e-05 1.000000000000000000e+00
1.550175117335768696e-05 1.000000000000000000e+00
1.564547588616095950e-05 1.000000000000000000e+00
1.579053314474175671e-05 1.000000000000000000e+00
1.593693530381776085e-05 1.000000000000000000e+00
1.608469483265355222e-05 1.000000000000000000e+00
1.623382431612278168e-05 1.000000000000000000e+00
1.638433645577984691e-05 1.000000000000000000e+00
1.653624407094178729e-05 1.000000000000000000e+00
1.668956009978023132e-05 1.000000000000000000e+00
1.684429760042315268e-05 1.000000000000000000e+00
1.700046975206718038e-05 8.361433139378665635e-15
1.715808985610006650e-05 8.630123818144321476e-15
1.731717133723352834e-05 9.303237127191342597e-15
1.747772774464680730e-05 8.317969004435464246e-15
1.763977275314045312e-05 1.084507956610199055e-14
1.780332016430111953e-05 8.794974207760200090e-15
1.796838390767719178e-05 4.345892928659015968e-05
1.813497804196495463e-05 1.070209682685531711e-14
1.830311675620613092e-05 8.176721426457987526e-15
1.847281437099636042e-05 8.645029773002497714e-15
1.864408533970485275e-05 7.506697934913630635e-15
1.881694424970555652e-05 9.945021823446935316e-15
1.899140582361935687e-05 9.073207000800633389e-15
1.916748492056813148e-05 1.034276266373651499e-14
1.934519653744044138e-05 7.258480671581283755e-15
1.952455581016860933e-05 4.679762552217291889e-14
1.970557801501800563e-05 4.682461548542776537e-14
1.988827856988811775e-05 7.345280903651388589e-15
2.007267303562568187e-05 1.684979121682559393e-13
2.025877711735017084e-05 1.267044421695212869e-13
2.044660666579117787e-05 1.243086479890954114e-13
2.063617767863856672e-05 1.267272548522996183e-13
2.082750630190514444e-05 1.283367060735840478e-13
2.102060883130158218e-05 1.264010738749756365e-13
2.121550171362452265e-05 1.100852026906918421e-13
2.141220154815731504e-05 1.138891357849060417e-13
2.161072508808376392e-05 1.116857626042327004e-13
2.181108924191520014e-05 9.712506883044909983e-14
2.201331107493032503e-05 5.452345145680141934e-14
2.221740781062882397e-05 9.043559675105601644e-14
2.242339683219845119e-05 9.587933841724727301e-14
2.263129568399529777e-05 1.944056045321155279e-01
2.284112207303820846e-05 1.926197279066922396e-01
2.305289387051705937e-05 1.908502569570664220e-01
2.326662911331457806e-05 1.369619610653843051e-14
2.348234600554276300e-05 1.216600568173268549e-14
2.370006292009330286e-05 1.185831652753195519e-14
2.391979840020237163e-05 1.248833388433779074e-14
2.414157116103017906e-05 1.822437607496801559e-01
2.436540009125465973e-05 1.805696069965748163e-01
2.459130425468041554e-05 1.789108325946064948e-01
2.481930289186252869e-05 1.772672962637749927e-01
2.504941542174502495e-05 1.756388580219277740e-01
2.528166144331500363e-05 1.740253791728360033e-01
2.551606073727186511e-05 7.872964137647082017e-14
2.575263326771198816e-05 1.133186367600502247e-13
2.599139918382932824e-05 9.145458540118760068e-14
2.623237882163123512e-05 1.181950344150263251e-13
2.647559270567063870e-05 1.661776099860392542e-01
2.672106155079432497e-05 1.646510454095853337e-01
2.696880626390692621e-05 1.631385043794219281e-01
2.721884794575179758e-05 1.616398580704382915e-01
2.747120789270814318e-05 1.601549788409554476e-01
2.772590759860481179e-05 1.586837402218549964e-01
2.798296875655115857e-05 1.572260169058062595e-01
2.824241326078435614e-05 1.557816847365957880e-01
2.850426320853431721e-05 1.543506206985516549e-01
2.876854090190591356e-05 1.529327029060651710e-01
2.903526884977813914e-05 1.515278105932116870e-01
2.930446976972144368e-05 1.501358241034634611e-01
2.957616658993256599e-05 1.487566248794987001e-01
2.985038245118729389e-05 1.000000000000000000e+00
3.012714070881164201e-05 1.000000000000000000e+00
3.040646493467068516e-05 1.000000000000000000e+00
3.068837891917639232e-05 1.000000000000000000e+00
3.097290667331406490e-05 1.000000000000000000e+00
3.126007243068703358e-05 1.000000000000000000e+00
3.154990064958088780e-05 1.000000000000000000e+00
3.184241601504656015e-05 1.000000000000000000e+00
3.213764344100275702e-05 1.000000000000000000e+00
3.243560807235811494e-05 1.000000000000000000e+00
3.273633528715247956e-05 1.000000000000000000e+00
3.303985069871854727e-05 1.000000000000000000e+00
3.334618015786362555e-05 1.000000000000000000e+00
3.365534975507094288e-05 1.000000000000000000e+00
3.396738582272209374e-05 1.000000000000000000e+00
3.428231493733974476e-05 1.000000000000000000e+00
3.460016392185108963e-05 1.000000000000000000e+00
3.492095984787271714e-05 1.000000000000000000e+00
3.524473003801587571e-05 1.000000000000000000e+00
3.557150206821382176e-05 1.000000000000000000e+00
3.590130377007068275e-05 1.000000000000000000e+00
3.623416323323149602e-05 1.000000000000000000e+00
3.657010880777486001e-05 1.000000000000000000e+00
3.690916910662774388e-05 1.000000000000000000e+00
3.725137300800209639e-05 1.000000000000000000e+00
3.759674965785467698e-05 1.000000000000000000e+00
3.794532847236942478e-05 1.000000000000000000e+00
3.829713914046277195e-05 1.000000000000000000e+00
3.865221162631261983e-05 1.000000000000000000e+00
3.901057617190993419e-05 1.000000000000000000e+00
3.937226329963475538e-05 1.000000000000000000e+00
3.973730381485604063e-05 1.000000000000000000e+00
4.010572880855495893e-05 1.000000000000000000e+00
4.047756965997322426e-05 1.000000000000000000e+00
4.085285803928565397e-05 1.000000000000000000e+00
4.123162591029748078e-05 1.000000000000000000e+00
4.161390553316706906e-05 1.000000000000000000e+00
4.199972946715305953e-05 1.000000000000000000e+00
4.238913057338774485e-05 1.000000000000000000e+00
4.278214201767612727e-05 1.000000000000000000e+00
4.317879727332021785e-05 1.000000000000000000e+00
4.357913012397029843e-05 1.000000000000000000e+00
4.398317466650228581e-05 1.000000000000000000e+00
4.439096531392166557e-05 1.000000000000000000e+00
4.480253679829489699e-05 1.000000000000000000e+00
4.521792417370702164e-05 1.000000000000000000e+00
4.563716281924754263e-05 1.000000000000000000e+00
4.606028844202398492e-05 1.000000000000000000e+00
4.648733708020256735e-05 1.000000000000000000e+00
4.691834510607799239e-05 1.000000000000000000e+00
4.735334922917120825e-05 1.000000000000000000e+00
4.779238649935594978e-05 1.000000000000000000e+00
4.823549431001467481e-05 1.000000000000000000e+00
4.868271040122283883e-05 1.000000000000000000e+00
4.913407286296356800e-05 1.000000000000000000e+00
4.958962013837211379e-05 1.000000000000000000e+00
5.004939102700953370e-05 1.000000000000000000e+00
5.051342468816766475e-05 1.000000000000000000e+00
5.098176064420429873e-05 1.000000000000000000e+00
5.145443878390924374e-05 1.000000000000000000e+00
5.193149936590212571e-05 1.000000000000000000e+00
5.241298302206061528e-05 1.000000000000000000e+00
5.289893076098145871e-05 1.000000000000000000e+00
5.338938397147349941e-05 1.000000000000000000e+00
5.388438442608223624e-05 1.000000000000000000e+00
5.438397428464801243e-05 1.000000000000000000e+00
5.488819609789677119e-05 1.000000000000000000e+00
5.539709281106400149e-05 1.000000000000000000e+00
5.591070776755293102e-05 1.000000000000000000e+00
5.642908471262542147e-05 1.000000000000000000e+00
5.695226779712818843e-05 1.000000000000000000e+00
5.748030158125351247e-05 1.000000000000000000e+00
5.801323103833378413e-05 1.000000000000000000e+00
5.855110155867232220e-05 1.000000000000000000e+00
5.909395895340964548e-05 1.000000000000000000e+00
5.964184945842459482e-05 1.000000000000000000e+00
6.019481973827274491e-05 1.000000000000000000e+00
6.075291689016077101e-05 1.000000000000000000e+00
6.131618844795768525e-05 1.000000000000000000e+00
6.188468238624383032e-05 1.000000000000000000e+00
6.245844712439617354e-05 1.000000000000000000e+00
6.303753153071268653e-05 1.000000000000000000e+00
6.362198492657482091e-05 5.739448267410055008e-13
6.421185709064758558e-05 5.372459671254068293e-13
6.480719826311971232e-05 1.972747489579182167e-01
6.540805914998259519e-05 3.190889188429823289e-13
6.601449092734883043e-05 2.296988104361865343e-13
6.662654524581149520e-05 1.918878387113535644e-01
6.724427423484249835e-05 1.000000000000000000e+00
6.786773050723287617e-05 1.000000000000000000e+00
6.849696716357439629e-05 1.000000000000000000e+00
6.913203779678127705e-05 1.000000000000000000e+00
6.977299649665538337e-05 1.000000000000000000e+00
7.041989785449296116e-05 1.000000000000000000e+00
7.107279696773411630e-05 1.000000000000000000e+00
7.173174944465612261e-05 1.000000000000000000e+00
7.239681140910876969e-05 1.000000000000000000e+00
7.306803950529492200e-05 1.000000000000000000e+00
7.374549090259546248e-05 1.000000000000000000e+00
7.442922330043757714e-05 1.000000000000000000e+00
7.511929493320968745e-05 1.000000000000000000e+00
7.581576457522117387e-05 1.000000000000000000e+00
7.651869154570817787e-05 1.000000000000000000e+00
7.722813571388641781e-05 1.000000000000000000e+00
7.794415750404951407e-05 1.000000000000000000e+00
7.866681790071573745e-05 1.000000000000000000e+00
7.939617845382276060e-05 1.000000000000000000e+00
8.013230128396886748e-05 1.000000000000000000e+00
8.087524908770457827e-05 1.000000000000000000e+00
8.162508514287237214e-05 1.000000000000000000e+00
8.238187331399601234e-05 1.000000000000000000e+00
8.314567805772063902e-05 1.000000000000000000e+00
8.391656442830161045e-05 1.000000000000000000e+00
8.469459808314576551e-05 1.000000000000000000e+00
8.547984528840405014e-05 1.000000000000000000e+00
8.627237292461450513e-05 1.000000000000000000e+00
8.707224849239921991e-05 1.000000000000000000e+00
8.787954011821328749e-05 1.000000000000000000e+00
8.869431656014704793e-05 1.000000000000000000e+00
8.951664721378301622e-05 1.000000000000000000e+00
9.034660211810533977e-05 1.000000000000000000e+00
9.118425196146562090e-05 1.000000000000000000e+00
9.202966808760410129e-05 1.000000000000000000e+00
9.288292250172498895e-05 1.000000000000000000e+00
9.374408787662981695e-05 1.000000000000000000e+00
9.461323755890760085e-05 1.000000000000000000e+00
9.549044557518077841e-05 1.000000000000000000e+00
9.637578663841088868e-05 1.000000000000000000e+00
9.726933615426178170e-05 1.000000000000000000e+00
9.817117022752183588e-05 1.000000000000000000e+00
9.908136566858666023e-05 1.000000000000000000e+00
1.000000000000000048e-04 1.000000000000000000e+00
