# ADMX 2009 rescaled to fixed polarisation scenario 
#  m_X [eV]	chi
1.928899999999999862e-06 5.573932306822735328e+00
1.928899999999999862e-06 3.679854369641301822e-15
1.967499999999999797e-06 3.718317735014166024e-15
1.998999999999999834e-06 3.659724934287329780e-15
2.047000000000000052e-06 3.796397724303093786e-15
2.096199999999999937e-06 3.879064888827537605e-15
2.163700000000000138e-06 3.758051402671481540e-15
2.198199999999999977e-06 3.989159642671154403e-15
2.233400000000000080e-06 3.809500281541004304e-15
2.278000000000000043e-06 4.027775287245871423e-15
2.323600000000000081e-06 3.948731323956831964e-15
2.379400000000000038e-06 4.096201724090512269e-15
2.436699999999999896e-06 3.999877860344304077e-15
2.495300000000000063e-06 3.965361426477056008e-15
2.555400000000000131e-06 3.756902523565414149e-15
2.596100000000000013e-06 4.110283236497096690e-15
2.658599999999999838e-06 3.894275301784392228e-15
2.711699999999999804e-06 3.995010461198791807e-15
2.765999999999999860e-06 3.800011078240824203e-15
2.810199999999999793e-06 3.854981804723067863e-15
2.877799999999999789e-06 3.821588958732437029e-15
2.970399999999999970e-06 3.933020115720631673e-15
3.029699999999999978e-06 4.095933021202356279e-15
3.139700000000000195e-06 4.012700479538004219e-15
3.215200000000000150e-06 4.100051410939133165e-15
3.305699999999999961e-06 3.697687727402991757e-15
3.358399999999999897e-06 3.955000829591222950e-15
3.635399999999999956e-06 3.794128236882903210e-15
3.635399999999999956e-06 2.957462184802325478e+00
