# ADMX 2019 rescaled to fixed polarisation scenario 
#  m_X [eV]	chi
3.142896551724137673e-06 3.420907385810155965e+00
3.142896551724137673e-06 1.277008295420745599e-15
3.145465517241378931e-06 1.255360308925927316e-15
3.148724137931034283e-06 1.136885434361121130e-15
3.148724137931034283e-06 1.080462542853138065e-15
3.148724137931034283e-06 1.012422757774957555e-15
3.148724137931034283e-06 9.800268867563031960e-16
3.149189655172413679e-06 1.219416181698617209e-15
3.152827586206896295e-06 1.235159794091558407e-15
3.158732758620689612e-06 1.065112646174083165e-15
3.158965517241379310e-06 1.128402868968117704e-15
3.159431034482758283e-06 1.205763371127162009e-15
3.159431034482758283e-06 1.254458821344262263e-15
3.161293103448275869e-06 1.025653683509812107e-15
3.162224137931034238e-06 1.075849889324390864e-15
3.162844827586206626e-06 1.119079052763892714e-15
3.164924137931034229e-06 1.181580118898218820e-15
3.165815270935960345e-06 1.261066128488343225e-15
3.169672413793103311e-06 1.171664018109673377e-15
3.171002463054187179e-06 1.274354977397625360e-15
3.171162068965517040e-06 1.220478849419327055e-15
3.176056650246305373e-06 1.154056400162360510e-15
3.176655172413792986e-06 1.279819457465280118e-15
3.176655172413792986e-06 1.216302842496113227e-15
3.180068965517241329e-06 1.081218362195818533e-15
3.181310344827586104e-06 1.046952664924765444e-15
3.181682758620689536e-06 1.170877824885371020e-15
3.182241379310344473e-06 1.268572374423383885e-15
3.182241379310344473e-06 1.209028194228637977e-15
3.187108150470219404e-06 1.170959972463182486e-15
3.187362068965516987e-06 1.093332704926782531e-15
3.187827586206896383e-06 1.264560059560550608e-15
3.192327586206896510e-06 1.201804789593685604e-15
3.193568965517241284e-06 1.251622864559372364e-15
3.198534482758620807e-06 1.237152990221175743e-15
3.201234482758620375e-06 1.190186139854280059e-15
3.206293103448275861e-06 1.219343123406393922e-15
3.206913793103448249e-06 1.116256575693862473e-15
3.206913793103448249e-06 1.062358571601515070e-15
3.208217241379310051e-06 1.186085322519552672e-15
3.212313793103448231e-06 1.228584631062093029e-15
3.216131034482758519e-06 1.187188727801121719e-15
3.218365517241379114e-06 1.107576418380815263e-15
3.218644827586207006e-06 1.067806771712958878e-15
3.223982758620689538e-06 1.088069782369363044e-15
3.225348275862068790e-06 9.271784845186553056e-16
3.226465517241379087e-06 1.037788532760694188e-15
3.227086206896551475e-06 9.899358896817421728e-16
3.230096551724137871e-06 1.122438509553300831e-15
3.230189655172413835e-06 1.018071583878372031e-15
3.235775862068965322e-06 1.132414062462205135e-15
3.238103448275861881e-06 1.257309354987424799e-15
3.238302955665024419e-06 1.190980867173954834e-15
3.238568965517241277e-06 1.126648093433155224e-15
3.243224137931034394e-06 1.225508963118383585e-15
3.243844827586206782e-06 1.271158019327655322e-15
3.247413793103448115e-06 1.230869914169040977e-15
3.248133228840125095e-06 1.148517293828702156e-15
3.248344827586206908e-06 1.072048842982067325e-15
3.249275862068965277e-06 1.261876046851947836e-15
3.252534482758620629e-06 1.298605128546835681e-15
3.255073667711598577e-06 1.380708588626058872e-15
3.260448275862068674e-06 1.306490349647658621e-15
3.260820689655172107e-06 1.396422236970891970e-15
3.261379310344827467e-06 1.243931159938143709e-15
3.262682758620689269e-06 1.160856074672425914e-15
3.266246081504701974e-06 1.365414161945101705e-15
3.267120689655172368e-06 1.249671467382893188e-15
3.268827586206896539e-06 1.458179884078129832e-15
3.269293103448275512e-06 1.342225251776842715e-15
3.272086206896551467e-06 1.432218846758588723e-15
3.274413793103448026e-06 1.548039953559179886e-15
3.279534482758620540e-06 1.545622832404437134e-15
3.279999999999999936e-06 1.627256110312372993e-15
3.284189655172413657e-06 1.689619089444333672e-15
3.285469827586206997e-06 1.603720809113870778e-15
3.289682758620689603e-06 1.712512323619115620e-15
3.293499999999999892e-06 1.661187057768521959e-15
3.300017241379310171e-06 1.730664032065053126e-15
3.302133228840125340e-06 1.632741692108652882e-15
3.306999999999999847e-06 1.572298589600375674e-15
3.307310344827585829e-06 1.341890189803706522e-15
3.308413793103448039e-06 1.410607425129815670e-15
3.308413793103448039e-06 3.249762181817319018e+00
