# CAPP-8 rescaled to fixed polarisation scenario 
#  m_X [eV]	chi
2.185476895527603162e-05 7.767707033331966437e-01
2.185476895527603162e-05 7.102737223194904443e-15
2.185512489867225583e-05 6.876877049157599473e-15
2.185596313766596530e-05 6.715150010958050532e-15
2.185693829489867242e-05 6.670954963443832978e-15
2.185794316911250691e-05 6.579953512297791795e-15
2.185861961565338843e-05 6.395218120508850937e-15
2.185899867225716143e-05 6.175962045127608411e-15
2.185978452131376597e-05 5.998385170153510867e-15
2.186070904961565306e-05 5.832148666609014503e-15
2.186149489867225760e-05 5.638828687767942920e-15
2.186213851260549411e-05 5.345200301367669557e-15
2.186288169112508994e-05 5.453913925398219737e-15
2.186314980433263553e-05 5.694303116478857508e-15
2.186366754018169108e-05 5.955425174855493995e-15
2.186468452131376655e-05 6.034674358728233066e-15
2.186570150244583863e-05 6.093911122431086541e-15
2.186653357791754074e-05 5.928780066857878720e-15
2.186736565338923946e-05 5.704069177521762468e-15
2.186820928546470919e-05 5.779716125763920159e-15
2.186856754018168828e-05 6.041238432543953175e-15
2.186930716282319863e-05 6.165155338235871373e-15
2.187018546470999493e-05 5.939315176618738359e-15
2.187083923829489889e-05 5.682227050364915002e-15
2.187138074772885838e-05 5.600462019385107304e-15
2.187203452131376572e-05 5.857497732157533628e-15
2.187282037037037026e-05 6.063492243772865168e-15
2.187383735150244234e-05 6.069095721420431557e-15
2.187485433263452119e-05 6.089108141590316364e-15
2.187587131376659666e-05 6.023467403433098710e-15
2.187688829489867212e-05 6.015462435365145261e-15
2.187790527603074758e-05 5.914599837708932113e-15
2.187892225716282305e-05 5.987445047127307793e-15
2.187993923829489851e-05 6.035474855535027701e-15
2.188095621942697398e-05 6.057088269318501778e-15
2.188197320055904944e-05 6.077100689488384218e-15
2.188299018169112490e-05 6.167556828656257644e-15
2.188400716282320037e-05 6.105918574533016320e-15
2.188502414395527583e-05 5.985043556706919155e-15
2.188604112508735130e-05 5.958627162082674113e-15
2.188705810621942676e-05 5.906594869640980242e-15
2.188807508735150223e-05 5.937013748299201614e-15
2.188909206848357769e-05 5.985844053513717734e-15
2.189010904961565315e-05 5.995450015195261243e-15
2.189112603074772523e-05 5.997851505615645936e-15
2.189214301187980408e-05 6.046681810830162057e-15
2.189315999301187955e-05 5.979440079059354344e-15
2.189417697414395501e-05 5.987445047127306215e-15
2.189519395527603048e-05 5.966632130150629929e-15
2.189621093640810594e-05 5.967432626957424564e-15
2.189722791754018140e-05 5.981041072672945191e-15
2.189824489867225687e-05 5.906594869640981031e-15
2.189926187980433233e-05 5.916200831322522961e-15
2.190009395527603106e-05 6.000481709409404019e-15
2.190092603074772978e-05 6.136337453191240059e-15
2.190194301187980524e-05 6.189170242439731721e-15
2.190295999301187732e-05 6.179564280758187424e-15
2.190397697414395278e-05 6.098714103271859872e-15
2.190476282320056071e-05 6.225859679417850448e-15
2.190531754018169093e-05 6.435723258932691494e-15
2.190554867225716525e-05 6.609223529798112248e-15
2.190565961565338926e-05 6.877757595645076412e-15
2.190582603074772697e-05 7.034494870415603042e-15
2.190896942697414512e-05 6.990467546041858676e-15
2.190902720999301370e-05 6.709950593603439301e-15
2.190915433263452186e-05 6.378895397657696467e-15
2.190922367225716145e-05 6.081303297724059601e-15
2.190931612508734982e-05 5.850159844761909567e-15
2.190957961565338904e-05 5.613997276821147532e-15
2.190986676326715408e-05 5.411828982982141538e-15
2.191104301187980487e-05 5.740091533827552596e-15
2.191165055904961464e-05 5.926767389172222556e-15
2.191239018169112500e-05 6.145943414872782778e-15
2.191340716282320046e-05 6.113123045794174346e-15
2.191442414395527592e-05 6.125930994702899549e-15
2.191544112508735139e-05 6.131534472350468305e-15
2.191645810621942685e-05 6.169958319076643127e-15
2.191747508735150232e-05 6.147544408486373626e-15
2.191849206848357778e-05 6.152347389327146958e-15
2.191950904961565325e-05 6.087507147976723939e-15
2.192038735150244615e-05 5.953624057040204884e-15
2.192090904961565293e-05 5.663358197061882153e-15
2.192144285464710067e-05 5.562514658853453474e-15
2.192197445842068550e-05 5.956118938754716433e-15
2.192235197414395750e-05 6.162020059075924273e-15
2.192339206848357836e-05 6.069896218227227770e-15
2.192417791754017951e-05 5.971968775529265036e-15
2.192455433263452175e-05 5.742607380934621223e-15
2.192518565338923885e-05 5.596562456369148486e-15
2.192602697414395370e-05 5.794025006185385895e-15
2.192685391334731239e-05 5.932833376085938814e-15
2.192792225716282207e-05 5.993048524774874182e-15
2.192893923829489753e-05 5.997051008808852879e-15
2.192995621942697300e-05 5.907395366447774877e-15
2.193069584206848335e-05 6.009538758994858335e-15
2.193143546470999370e-05 6.109120561760201171e-15
2.193245244584206917e-05 6.045080817216572787e-15
2.193328452131376450e-05 5.804245635057860969e-15
2.193366754018168872e-05 5.565240159886112600e-15
2.193434002445841902e-05 5.320364374797865771e-15
2.193497508735150342e-05 5.509891523530549944e-15
2.193536470999301301e-05 5.769443083410044896e-15
2.193615055904961415e-05 5.953824181241904726e-15
2.193716754018169301e-05 5.901791888800206121e-15
2.193818452131376847e-05 5.953023684435109302e-15
2.193920150244584394e-05 5.944218219560361217e-15
2.194021848357791940e-05 5.825744692154651113e-15
2.194114301187980649e-05 5.749875383688382574e-15
2.194206754018169359e-05 6.045881314023368211e-15
2.194308452131376566e-05 6.034674358728232277e-15
2.194410150244584113e-05 6.037876345955413972e-15
2.194511848357791659e-05 6.045881314023367422e-15
2.194613546470999206e-05 5.984243059900129253e-15
2.194715244584206752e-05 5.953023684435109302e-15
2.194816942697414298e-05 5.918602321742907655e-15
2.194918640810622184e-05 5.917801824936113809e-15
2.195020338923829730e-05 5.964230639730245235e-15
2.195122037037036938e-05 5.944218219560362006e-15
2.195223735150244484e-05 5.935412754685611555e-15
2.195325433263452031e-05 6.009858957717578871e-15
2.195427131376659577e-05 5.975437595025378802e-15
2.195528829489867123e-05 6.010659454524373506e-15
2.195630527603074670e-05 5.918602321742909233e-15
2.195732225716282555e-05 6.031472371501051371e-15
2.195833923829490101e-05 5.880978971823528257e-15
2.195935621942697648e-05 5.967432626957425353e-15
2.196037320055904855e-05 6.013861441751552835e-15
2.196139018169112402e-05 6.012260448137963565e-15
2.196259206848357961e-05 6.017863925785531532e-15
2.196360904961565508e-05 5.892185927118663402e-15
2.196453357791754217e-05 5.964141695640598845e-15
2.196564301187980600e-05 6.072297708647612464e-15
2.196665999301187808e-05 6.075499695874794159e-15
2.196749206848358019e-05 5.990418320981117677e-15
2.196804678546471042e-05 5.814057438775440291e-15
2.196856187980433182e-05 5.624362566902284508e-15
2.196884187980433108e-05 5.394917310737402918e-15
2.196946659678546620e-05 5.180315552504243426e-15
2.197010716282319943e-05 5.459574581389130065e-15
2.197069709993011941e-05 5.803931154169475616e-15
2.197163703703703677e-05 5.967566043091889811e-15
2.197262320055904831e-05 6.004255480070009327e-15
2.197387131376659809e-05 6.070696715034022405e-15
2.197488829489867016e-05 6.048282804443752115e-15
2.197590527603074563e-05 6.040277836375798666e-15
2.197692225716282109e-05 6.065893734193251440e-15
2.197793923829489995e-05 6.089108141590316364e-15
2.197895621942697541e-05 6.073098205454406310e-15
2.197997320055905087e-05 6.127531988316491975e-15
2.198105418749664110e-05 6.147174948421699907e-15
2.198196864081062275e-05 6.043880072006379257e-15
2.198256187980433203e-05 6.109921058566993439e-15
2.198281612508735174e-05 5.820808295179414112e-15
2.198332791754018385e-05 5.741349457381085332e-15
2.198422603074772947e-05 5.800751402964708082e-15
2.198484546470999291e-05 6.050043897418703626e-15
2.198564055904961696e-05 6.159231661865586025e-15
2.198662980433263727e-05 6.128789911870026288e-15
2.198735621942697350e-05 6.093568052371030795e-15
2.198796112508735252e-05 5.976958538958288924e-15
2.198894112508734992e-05 5.950622194014723030e-15
2.198995810621942877e-05 5.807333265598358731e-15
2.199097508735150424e-05 5.824944195347856478e-15
2.199199206848357970e-05 5.888983939891484073e-15
2.199300904961565517e-05 5.937013748299200825e-15
2.199402603074772724e-05 5.982642066286536039e-15
2.199504301187980271e-05 5.941816729139976524e-15
2.199579804332634333e-05 5.762105196014422412e-15
2.199613923829489920e-05 5.536307918154795775e-15
2.199686895527603150e-05 5.306422388746181632e-15
2.199764093640810676e-05 5.253149326253950318e-15
2.199827886093640923e-05 5.490016331384688224e-15
2.199878735150244527e-05 5.674050547266935258e-15
2.199957320055904981e-05 5.878577481403144352e-15
2.200049772886093690e-05 5.879022201851361315e-15
2.200128713379562352e-05 5.570078327399710423e-15
2.200202320055905179e-05 5.627088067934944422e-15
2.200229131376659739e-05 5.882740064798479767e-15
2.200249470999300977e-05 6.143381825091038211e-15
2.200262414395527620e-05 6.418112329183196114e-15
2.200271659678546457e-05 6.556064612220925307e-15
2.200284603074772761e-05 6.756242180373545274e-15
2.200284603074772761e-05 7.715431098709265578e-01
