# CAPP-7 rescaled to fixed polarisation scenario 
#  m_X [eV]	chi
1.988238140282013423e-05 8.538285182561864417e-01
1.988238140282013423e-05 9.806820785316918685e-15
1.988273264941561660e-05 8.919168123604716944e-15
1.988325953094366438e-05 7.365883954966145019e-15
1.988396206136651797e-05 7.143767571398973978e-15
1.988466461661170934e-05 7.032591022674337045e-15
1.988589414802222530e-05 7.032156202318997994e-15
1.988659677153336959e-05 7.031907745615291709e-15
1.988747508583344051e-05 7.031597187080178704e-15
1.988782642241510449e-05 7.475099022238779853e-15
1.988940751384303256e-05 7.030914006580858877e-15
1.989011026149112770e-05 7.030665593765789563e-15
1.989098873096850192e-05 7.695688379372200547e-15
1.989134012962296628e-05 6.919343969864451030e-15
1.989309721601583382e-05 6.918732808866996751e-15
1.989362437219918011e-05 7.029423661336307374e-15
1.989467872647433886e-05 6.918182810123751196e-15
1.989555739772319766e-05 6.807013856303597617e-15
1.989669972836425411e-05 6.806623044731412186e-15
1.989731485664523132e-05 6.695558991340368220e-15
1.989819364432179432e-05 7.138658207070588938e-15
1.989907247081106376e-05 7.360030602744780479e-15
1.989977555994871459e-05 7.138090725546037548e-15
1.990047867392844585e-05 7.027002524058802496e-15
1.990135760133866197e-05 7.580847717029395689e-15
1.990197287362288723e-05 7.137302631598851996e-15
1.990320347525741785e-05 7.136861336995424771e-15
1.990399461648908983e-05 6.914944815369288101e-15
1.990469787953972835e-05 6.914700499920981415e-15
1.990601656473413788e-05 7.191255349658719915e-15
1.990680781778454353e-05 7.135569131180078586e-15
1.990803871837889548e-05 7.135127943757806780e-15
1.990909383660869543e-05 7.190143825045300162e-15
1.990962141669372899e-05 7.245345847571449935e-15
1.991067661880595725e-05 7.244961867439154519e-15
1.991269924584253146e-05 7.133457981321882508e-15
1.991401846112700178e-05 7.243746064600053178e-15
1.991542572042923740e-05 7.464739841948282037e-15
1.991648123016724381e-05 7.464344234636739164e-15
1.991806459966571956e-05 8.128179723186114854e-15
1.991894430377846677e-05 7.906354243269406809e-15
1.992000000000000918e-05 8.016662616007524383e-15
1.992035191117403863e-05 7.684344710058688574e-15
1.992105575217307525e-05 7.684073210549577754e-15
1.992175961804071459e-05 9.012412969157405347e-15
1.992387136486432919e-05 8.125810784425153956e-15
1.992545532188194689e-05 8.235861898580629527e-15
1.992580732943091074e-05 8.789191969396617630e-15
1.992633535241435458e-05 9.453112144889181509e-15
1.992668737551013723e-05 1.022777671647662269e-14
1.992739144035856881e-05 1.233045530734890321e-14
1.992739144035856881e-05 1.454418157437742714e-14
1.992791950532012525e-05 1.753224743990889419e-14
1.992827155640190698e-05 2.018829191628880247e-14
1.992897567722381731e-05 2.229045140774822937e-14
1.992897567722381731e-05 8.518322530733860587e-01
