# CAPP-9 rescaled to fixed polarisation scenario 
#  m_X [eV]	chi
2.138213058419243551e-05 7.939407247435176229e-01
2.138213058419243551e-05 8.641252218612690420e-14
2.139037800687284993e-05 7.883247638032626269e-14
2.139999999999999840e-05 8.186449470264656473e-14
2.140274914089346648e-05 6.367238476872506804e-14
2.140549828178693796e-05 8.489651302496676580e-14
2.142199312714776341e-05 8.338050386380661478e-14
2.142886597938144041e-05 8.338050386380658953e-14
2.143848797250858887e-05 8.338050386380661478e-14
2.143986254295532291e-05 6.064036644640486697e-14
2.144261168384879439e-05 8.186449470264655211e-14
2.144810996563573734e-05 8.186449470264656473e-14
2.145635738831614837e-05 8.034848554148640109e-14
2.146597938144329684e-05 7.883247638032625007e-14
2.147285223367697383e-05 6.064036644640486697e-14
2.147285223367697383e-05 7.731646721916609905e-14
2.147835051546391339e-05 7.428444889684599896e-14
2.148384879725085634e-05 7.883247638032626269e-14
2.148384879725085634e-05 6.518839392988521906e-14
2.148659793814432781e-05 7.731646721916611167e-14
2.149347079037800481e-05 8.034848554148640109e-14
2.149484536082473885e-05 6.518839392988521906e-14
2.150034364261168180e-05 8.034848554148641371e-14
2.150859106529209283e-05 8.034848554148641371e-14
2.151683848797250725e-05 8.186449470264655211e-14
2.152233676975944681e-05 8.034848554148641371e-14
2.152783505154638976e-05 8.034848554148641371e-14
2.153470790378006675e-05 8.186449470264656473e-14
2.154295532646047779e-05 8.034848554148641371e-14
2.154570446735394926e-05 8.186449470264655211e-14
2.155257731958762626e-05 8.034848554148641371e-14
2.155807560137456920e-05 7.883247638032626269e-14
2.156357388316150876e-05 7.883247638032626269e-14
2.157319587628865723e-05 8.186449470264655211e-14
2.157869415807560018e-05 8.034848554148640109e-14
2.158694158075601121e-05 8.034848554148641371e-14
2.159381443298968821e-05 8.034848554148640109e-14
2.160068728522336520e-05 7.580045805800606163e-14
2.160618556701030815e-05 7.731646721916612429e-14
2.161030927835051366e-05 7.580045805800606163e-14
2.161443298969071918e-05 7.580045805800606163e-14
2.161993127147766213e-05 7.883247638032625007e-14
2.162542955326460169e-05 7.580045805800606163e-14
2.163092783505154464e-05 8.034848554148640109e-14
2.163642611683848759e-05 7.883247638032626269e-14
2.164192439862542715e-05 7.883247638032625007e-14
2.164604810996563266e-05 8.186449470264656473e-14
2.164879725085910414e-05 5.912435728524471595e-14
2.165292096219931304e-05 7.731646721916611167e-14
2.165841924398625260e-05 7.883247638032625007e-14
2.166391752577319555e-05 7.883247638032625007e-14
2.167353951890034063e-05 8.034848554148641371e-14
2.168041237113402101e-05 8.338050386380660216e-14
2.169140893470790352e-05 8.338050386380660216e-14
2.169690721649484308e-05 7.731646721916611167e-14
2.170378006872852007e-05 7.731646721916612429e-14
2.171065292096219706e-05 7.731646721916612429e-14
2.171890034364261149e-05 8.186449470264655211e-14
2.172439862542955105e-05 7.731646721916611167e-14
2.172989690721649400e-05 5.912435728524471595e-14
2.173127147766322804e-05 7.731646721916611167e-14
2.174089347079037650e-05 7.731646721916612429e-14
2.174639175257731945e-05 7.428444889684599896e-14
2.174914089347079093e-05 7.883247638032625007e-14
2.175463917525773049e-05 8.034848554148640109e-14
2.175738831615120196e-05 8.338050386380661478e-14
2.176563573883161300e-05 8.338050386380660216e-14
2.176975945017182190e-05 8.034848554148640109e-14
2.177663230240549889e-05 8.641252218612689157e-14
2.178213058419243845e-05 8.186449470264655211e-14
2.179518900343642711e-05 8.034848554148640109e-14
2.179518900343642711e-05 7.788941059376754961e-01
