# CAPP-2 rescaled to fixed polarisation scenario 
#  m_X [eV]	chi
1.298642908054169569e-05 8.496942227719000984e-01
1.298642908054169569e-05 4.237245605442539146e-05
1.298642908054169569e-05 5.146768534288674259e-14
1.299209143671723737e-05 5.101754339078083551e-14
1.299632522146420909e-05 5.107649055117562137e-14
1.300055900621117912e-05 5.086749607341217037e-14
1.300479279095815084e-05 5.077996847161380130e-14
1.300902657570512256e-05 5.113007887880732175e-14
1.301326036045209259e-05 5.104255127700891482e-14
1.301749414519906431e-05 5.125511830994786341e-14
1.302159963343855112e-05 5.130513408240405357e-14
1.302739028612157602e-05 5.667283207507950334e-14
1.303019549943997609e-05 5.178028392073810306e-14
1.303365085021891783e-05 5.893897328921424358e-14
1.303866306893391784e-05 5.176777997762402870e-14
1.304289685368088787e-05 5.194283518122080470e-14
1.304713063842785789e-05 5.138015774108837983e-14
1.305136442317482961e-05 5.138766010695678532e-14
1.305559820792179964e-05 5.464328994328142679e-14
1.305983199266877136e-05 5.121760648060565295e-14
1.306406577741574139e-05 5.151591483775523128e-14
1.306845993279706756e-05 5.159168277876776228e-14
1.307232609870528599e-05 5.097714603610463993e-14
1.307670298340291071e-05 5.141975356094952696e-14
1.308100091640362489e-05 5.125511830994786972e-14
1.308523470115059661e-05 5.158022083091322883e-14
1.308946848589756664e-05 5.110507099257921089e-14
1.309370227064453836e-05 5.113841484088335239e-14
1.309793605539150839e-05 5.118009465126349929e-14
1.310224681804296903e-05 5.114008203329854590e-14
1.310640362488545014e-05 5.021729103148137643e-14
1.311054858897339306e-05 5.064915798980522629e-14
1.311487119437939189e-05 5.077996847161380761e-14
1.311895102331738239e-05 5.010850672638911503e-14
1.312372365339578499e-05 5.046736989376246607e-14
1.312795743814275502e-05 5.007974765722679196e-14
1.313209500050911306e-05 5.041110214974921349e-14
1.313642500763669677e-05 5.012976342968301999e-14
1.314065879238366680e-05 5.015477131591113715e-14
1.314489257713063852e-05 4.984217273805975144e-14
1.314928673251196300e-05 4.973484722633079934e-14
1.315336014662458027e-05 4.997971611231434222e-14
1.315759393137155030e-05 4.966711753446301330e-14
1.316182771611852033e-05 4.984217273805975775e-14
1.316606150086549205e-05 4.954207810332250319e-14
1.317199877812850068e-05 6.051289885889222260e-14
1.317359484777517576e-05 5.482850046575657689e-14
1.317876285510640552e-05 4.951707021709439865e-14
1.318299663985337555e-05 4.950456627398033060e-14
1.318723042460034727e-05 4.961710176200680421e-14
1.319152835760105975e-05 4.943683658211254456e-14
1.319569799409428732e-05 4.861678631288250876e-14
1.319993177884125904e-05 4.896689672007601027e-14
1.320392870849749069e-05 4.895631646051797648e-14
1.320839934833520079e-05 4.924198346858518553e-14
1.321272195374119793e-05 4.891399542228578451e-14
1.321686691782914085e-05 4.859177842665441683e-14
1.322110070257611257e-05 4.836670745060144436e-14
1.322533448732308260e-05 4.857927448354034878e-14
1.322964524997454493e-05 4.863679262186499492e-14
1.323395601262600557e-05 4.911131726304334132e-14
1.323782859335959723e-05 4.856484685687027803e-14
1.324226962631096779e-05 4.811662858832035472e-14
1.324650341105793782e-05 4.832919562125926545e-14
1.325083341818552153e-05 4.813017452669393212e-14
1.325492821504938403e-05 4.768315856036650893e-14
1.325920476529884959e-05 4.802910098652198565e-14
1.326332308318908455e-05 4.856802093473768060e-14
1.326767233479279134e-05 4.834169956437333982e-14
1.327194460849200752e-05 4.849924924761040414e-14
1.327613990428673309e-05 4.895439277696198009e-14
1.328037368903370312e-05 4.805410887275009020e-14
1.328460747378067315e-05 4.740390383081932782e-14
1.328884125852764487e-05 4.741640777393335169e-14
1.329315607264776416e-05 7.468099632344532863e-14
1.329721260564097293e-05 4.762584882109377223e-14
1.330154261276855665e-05 4.680371456134471142e-14
1.330577639751552837e-05 4.700377765116959197e-14
1.331001018226250009e-05 4.700377765116959828e-14
1.331424396700947012e-05 4.670368301643230586e-14
1.331847775175644184e-05 4.620352529187018968e-14
1.332271153650341187e-05 4.620352529187018337e-14
1.332694532125038189e-05 4.647861204037935232e-14
1.332983199266877217e-05 4.680058857556622754e-14
1.333066591996741734e-05 5.125928629098585033e-14
1.333137155075857760e-05 5.986720912975228875e-14
1.333733733835658213e-05 4.944829852996708432e-14
1.333926178596884231e-05 4.626604500744041634e-14
1.334253334690968394e-05 4.481767159672920727e-14
1.334426534976071845e-05 5.199285095367702011e-14
1.334426534976071845e-05 4.951707021709439865e-14
1.334434232766520736e-05 5.589908278250737687e-14
1.334445779452194243e-05 6.024545340895243549e-14
1.334445779452194243e-05 6.327140764255342008e-14
1.335106506465736646e-05 5.040346085117950348e-14
1.335211709601873531e-05 4.682122008170442310e-14
1.335427247734446563e-05 4.607848586072962909e-14
1.335812137256898599e-05 4.632856472301069979e-14
1.336235515731595602e-05 4.635357260923881065e-14
1.336658894206292605e-05 4.612850163318581925e-14
1.337082272680989777e-05 4.601596614515935194e-14
1.337505651155686780e-05 4.590343065713287202e-14
1.337929029630383952e-05 4.589092671401882921e-14
1.338352408105080955e-05 4.575338333976424474e-14
1.338775786579777957e-05 4.556582419305340069e-14
1.339160676102229994e-05 4.641609232480906255e-14
1.339584054576926996e-05 4.619102134875608377e-14
1.340009838611139384e-05 4.676620273200256407e-14
1.340430811526321171e-05 4.619102134875608377e-14
1.340854190001018344e-05 4.597428633477917980e-14
1.341280529164349470e-05 4.599384378426528301e-14
1.341700946950412349e-05 4.626604500744042265e-14
1.342124325425109521e-05 4.621102765773858886e-14
1.342547703899806524e-05 4.595344642958906218e-14
1.342971082374503527e-05 4.654113175594958528e-14
1.343394460849200699e-05 4.606598191761556735e-14
1.343817839323897702e-05 4.665366724397609045e-14
1.344226414355423577e-05 4.761262349664621421e-14
1.344664596273291877e-05 4.744141566016148779e-14
1.345087974747989049e-05 4.779152606735495775e-14
1.345511353222686221e-05 4.744141566016150041e-14
1.345934731697383224e-05 4.647861204037935863e-14
1.346358110172080396e-05 4.660365147151987505e-14
1.346781488646777399e-05 4.704128948051174563e-14
1.347210788498742988e-05 4.721057363344049459e-14
1.347628245596171574e-05 4.742891171704742605e-14
1.348051624070868576e-05 4.770399846555660131e-14
1.348489805988736876e-05 4.787712998559734305e-14
1.348898381020262751e-05 4.777902212424089601e-14
1.349321759494959754e-05 4.759146297753010876e-14
1.349762457998167356e-05 4.783904105118837974e-14
1.350168516444353929e-05 4.735388805836309348e-14
1.350591894919050932e-05 4.745391960327553691e-14
1.351040016291619977e-05 4.735567433595079495e-14
1.351438651868445276e-05 4.687873822002903137e-14
1.351862030343142448e-05 4.715382496853821293e-14
1.352285408817839451e-05 4.700377765116959197e-14
1.352708787292536454e-05 4.695376187871337025e-14
1.353132165767233626e-05 4.672869090266042302e-14
1.353555544241930629e-05 4.705379342362578213e-14
1.353978922716627631e-05 4.696626582182744461e-14
1.354402301191324804e-05 4.711631313919607820e-14
1.354825679666021806e-05 4.681621850445879209e-14
1.355249058140718978e-05 4.651612386972151229e-14
1.355672436615415981e-05 4.689124216314311835e-14
1.356095815090112984e-05 4.666617118709013957e-14
1.356519193564810156e-05 4.697876976494148111e-14
1.356942572039507159e-05 4.676620273200257038e-14
1.357362101618979885e-05 4.639483562151518284e-14
1.357789328988901334e-05 4.650361992660743162e-14
1.358212707463598337e-05 4.661615541463393048e-14
1.358636085938295678e-05 4.636607655235284084e-14
1.359059464412992681e-05 4.632856472301069979e-14
1.359470013236941362e-05 4.670889299272979582e-14
1.359921024805557984e-05 4.669214091509627702e-14
1.360329599837083859e-05 4.644110021103717972e-14
1.360752978311781031e-05 4.630355683678258894e-14
1.361176356786478034e-05 4.626604500744041003e-14
1.361599735261175036e-05 4.611599769007178906e-14
1.362023113735872208e-05 4.589092671401882921e-14
1.362446492210569211e-05 4.614100557629989361e-14
1.362869870685266214e-05 4.582840699844853314e-14
1.363293249159963386e-05 4.622853317809826268e-14
1.363716627634660389e-05 4.606598191761556735e-14
1.364140006109357561e-05 4.595344642958905587e-14
1.364563384584054564e-05 4.639108443858097063e-14
1.364986763058751736e-05 4.610349374695775257e-14
1.365410141533448908e-05 4.600346220204531545e-14
1.365833520008145911e-05 4.596595037270314916e-14
1.366256898482843083e-05 4.590343065713287202e-14
1.366680276957540086e-05 4.580339911222042859e-14
1.367103655432237089e-05 4.582840699844853945e-14
1.367527033906934261e-05 4.572837545353612757e-14
1.367950412381631264e-05 4.577839122599231773e-14
1.368373790856328266e-05 4.585341488467665030e-14
1.368797169331025438e-05 4.552831236371125965e-14
1.369220547805722441e-05 4.567835968107989324e-14
1.369628530699521322e-05 4.552831236371125334e-14
1.370071581305366170e-05 4.551302976657186488e-14
1.370502229915487295e-05 4.554206670113671494e-14
1.370925608390184298e-05 4.534950597718031561e-14
1.371337440179207794e-05 4.516569801340369008e-14
1.371760818653904797e-05 4.497813886669290914e-14
1.372184197128602138e-05 4.510317829783345080e-14
1.372607575603299141e-05 4.532824927388637910e-14
1.373030954077996313e-05 4.517820195651775813e-14
1.373454332552693316e-05 4.520320984274586899e-14
1.373877711027390319e-05 4.524072167208804790e-14
1.374301089502087491e-05 4.547829659125506949e-14
1.374724467976784494e-05 4.539076898945667518e-14
1.375147846451481666e-05 4.554081630682530245e-14
1.375571224926178668e-05 4.502815463914909299e-14
1.375994603400875671e-05 4.511568224094749992e-14
1.376417981875572843e-05 4.509067435471936382e-14
1.376841360350269846e-05 4.490311520800858919e-14
1.377264738824966849e-05 4.532824927388637910e-14
1.377688117299664021e-05 4.501565069603506280e-14
1.378111495774361024e-05 4.466554028884156760e-14
1.378534874249058365e-05 4.517820195651775813e-14
1.378958252723755368e-05 4.531574533077234260e-14
1.379381631198452371e-05 4.500314675292102631e-14
1.379805009673149543e-05 4.499064280980695195e-14
1.380228388147846546e-05 4.500314675292102000e-14
1.380651766622543718e-05 4.502815463914909299e-14
1.381075145097240721e-05 4.505316252537721016e-14
1.381498523571937723e-05 4.487810732178047833e-14
1.381921902046634896e-05 4.494062703735073023e-14
1.382345280521331898e-05 4.486560337866643552e-14
1.382768658996028901e-05 4.482809154932426293e-14
1.383192037470726073e-05 4.491561915112262569e-14
1.383615415945423076e-05 4.516569801340369639e-14
1.384038794420120248e-05 4.495313098046477935e-14
1.384462172894817251e-05 4.476557183375399841e-14
1.384885551369514254e-05 4.469054817506967215e-14
1.385308929844211426e-05 4.491561915112262569e-14
1.385732308318908598e-05 4.469054817506967846e-14
1.386155686793605601e-05 4.501565069603506280e-14
1.386579065268302773e-05 4.491561915112263200e-14
1.387002443742999776e-05 4.475306789063992405e-14
1.387425822217696948e-05 4.510317829783345711e-14
1.387849200692393951e-05 4.484059549243829311e-14
1.388195601262600682e-05 4.528160758131814382e-14
1.388195601262600682e-05 4.237245605442539824e-05
1.388195601262600682e-05 7.948803291219994627e-01
