# HAYSTAC rescaled to fixed polarisation scenario 
#  m_X [eV]	chi
1.726219512195122145e-05 4.345892928659014613e-05
1.726219512195122145e-05 7.497580329441041347e-15
1.726829268292682921e-05 6.887776117796562380e-15
1.727439024390244035e-05 7.056759848561253332e-15
1.727743902439024423e-05 6.641857422283705664e-15
1.728353658536585538e-05 7.869982363033588779e-15
1.728963414634146313e-05 8.883934298282524374e-15
1.729268292682926701e-05 6.176047125880761987e-15
1.729878048780487815e-05 6.887776117796562380e-15
1.730182926829268203e-05 7.869982363033587201e-15
1.730335365853658566e-05 8.161373110135919708e-15
1.730487804878048930e-05 8.883934298282522796e-15
1.731097560975609705e-05 8.161373110135921286e-15
1.731250000000000069e-05 7.869982363033587201e-15
1.731402439024390432e-05 1.002852166313854188e-14
1.732469512195121959e-05 7.775182671209617786e-15
1.732621951219512322e-05 8.671196385443064547e-15
1.733536585365853485e-05 9.907720787194894882e-15
1.733841463414634212e-05 1.091638948029200709e-14
1.734298780487804963e-05 9.553979067106577377e-15
1.734756097560975714e-05 9.212867214897943352e-15
1.735670731707317216e-05 8.992252555135843884e-15
1.735670731707317216e-05 7.142800098315962623e-15
1.736280487804877992e-05 9.101891493161917607e-15
1.736585365853658718e-05 1.015079541583580210e-14
1.737042682926829131e-05 7.965937909575053850e-15
1.737499999999999882e-05 7.775182671209617786e-15
1.737957317073170633e-05 7.497580329441041347e-15
1.738414634146341384e-05 6.887776117796563169e-15
1.738719512195122110e-05 7.318040551559092060e-15
1.738719512195122110e-05 6.101652122535658160e-15
1.739024390243902498e-05 6.404718919937477909e-15
1.739329268292682886e-05 7.497580329441041347e-15
1.739329268292682886e-05 7.869982363033587201e-15
1.739939024390244000e-05 8.463552771822819645e-15
1.739939024390244000e-05 9.788375046127444756e-15
1.740548780487804776e-05 1.002852166313854346e-14
1.741463414634146278e-05 9.907720787194893305e-15
1.741768292682927005e-05 9.212867214897941775e-15
1.741768292682927005e-05 8.361603090426663570e-15
1.742378048780487780e-05 7.681524910987955330e-15
1.742682926829268168e-05 6.887776117796563169e-15
1.742987804878048895e-05 7.407266492399292046e-15
1.743140243902438919e-05 8.260881467485026211e-15
1.743597560975609670e-05 9.212867214897943352e-15
1.743902439024390397e-05 7.142800098315962623e-15
1.744817073170731560e-05 7.318040551559090482e-15
1.745426829268292675e-05 6.971756016524522054e-15
1.746036585365853789e-05 7.497580329441041347e-15
1.746036585365853789e-05 9.101891493161917607e-15
1.746646341463414565e-05 7.056759848561254910e-15
1.746646341463414565e-05 6.804807818352000768e-15
1.747256097560975679e-05 7.056759848561254910e-15
1.747560975609756067e-05 8.566745484898956231e-15
1.748170731707317181e-05 7.869982363033585623e-15
1.748780487804877957e-05 6.971756016524522843e-15
1.748780487804877957e-05 1.027456000348370546e-14
1.749695121951219459e-05 7.588995326967506771e-15
1.749999999999999847e-05 1.002852166313854188e-14
1.749999999999999847e-05 8.566745484898956231e-15
1.750304878048780573e-05 1.078489358731224534e-14
1.751219512195122075e-05 9.907720787194891727e-15
1.751829268292682851e-05 1.078489358731224534e-14
1.752439024390243965e-05 1.027456000348370704e-14
1.753048780487804741e-05 9.788375046127444756e-15
1.753353658536585468e-05 7.588995326967508349e-15
1.753963414634146243e-05 8.161373110135921286e-15
1.753963414634146243e-05 9.670466911772667582e-15
1.754878048780487745e-05 7.869982363033587201e-15
1.755487804878048860e-05 1.015079541583580210e-14
1.755792682926829248e-05 7.681524910987953752e-15
1.756249999999999999e-05 7.497580329441044503e-15
1.756707317073170750e-05 7.318040551559092060e-15
1.757012195121951137e-05 9.325196019212912528e-15
1.757317073170731864e-05 9.788375046127443178e-15
1.757621951219512252e-05 1.027456000348370704e-14
1.757621951219512252e-05 1.078489358731224534e-14
1.758536585365853754e-05 1.027456000348370704e-14
1.758841463414634142e-05 8.463552771822829111e-15
1.759451219512195256e-05 1.039983360323639195e-14
1.760060975609756032e-05 8.992252555135843884e-15
1.760365853658536758e-05 8.260881467485027788e-15
1.760365853658536758e-05 6.887776117796563169e-15
1.760975609756097534e-05 6.327569397635984729e-15
1.761585365853658648e-05 7.142800098315962623e-15
1.761585365853658648e-05 8.161373110135921286e-15
1.762195121951219424e-05 6.722838932737821837e-15
1.762804878048780538e-05 8.883934298282524374e-15
1.763109756097560926e-05 1.065498165850871045e-14
1.763414634146341314e-05 1.002852166313854188e-14
1.764024390243902428e-05 1.091638948029200551e-14
1.764481707317073179e-05 9.553979067106578954e-15
1.764634146341463543e-05 8.063063403708185730e-15
1.764939024390243930e-05 7.588995326967506771e-15
1.765548780487804706e-05 8.260881467485026211e-15
1.765853658536585433e-05 1.078489358731224534e-14
1.766768292682926935e-05 9.101891493161917607e-15
1.767073170731707323e-05 7.869982363033587201e-15
1.767378048780487710e-05 7.681524910987955330e-15
1.767378048780487710e-05 8.161373110135921286e-15
1.768292682926829213e-05 7.588995326967506771e-15
1.768597560975609600e-05 6.887776117796562380e-15
1.769207317073170715e-05 7.407266492399292046e-15
1.770121951219512217e-05 7.775182671209619364e-15
1.770731707317072992e-05 8.063063403708185730e-15
1.771646341463414495e-05 7.588995326967506771e-15
1.771951219512195221e-05 8.361603090426663570e-15
1.772560975609755997e-05 8.883934298282525952e-15
1.772560975609755997e-05 9.553979067106575799e-15
1.773170731707317111e-05 1.027456000348370546e-14
1.773780487804878226e-05 9.788375046127443178e-15
1.774390243902439001e-05 9.670466911772666005e-15
1.775000000000000116e-05 9.212867214897941775e-15
1.775609756097560891e-05 7.407266492399293624e-15
1.775914634146341618e-05 7.965937909575055428e-15
1.776829268292682781e-05 9.907720787194893305e-15
1.778658536585365785e-05 9.907720787194894882e-15
1.778658536585365785e-05 7.407266492399292046e-15
1.779878048780487675e-05 8.883934298282522796e-15
1.779878048780487675e-05 9.907720787194891727e-15
1.781402439024390292e-05 6.641857422283705664e-15
1.782012195121951068e-05 6.804807818351999979e-15
1.782317073170731794e-05 9.670466911772669160e-15
1.783231707317073296e-05 1.015079541583580210e-14
1.784146341463414798e-05 8.260881467485026211e-15
1.784146341463414798e-05 6.887776117796563169e-15
1.784451219512195186e-05 6.561851393333912818e-15
1.785060975609755962e-05 7.965937909575057006e-15
1.785670731707317076e-05 9.438894403701405403e-15
1.786585365853658578e-05 7.142800098315962623e-15
1.786585365853658578e-05 1.015079541583580210e-14
1.787195121951219354e-05 6.561851393333912818e-15
1.787500000000000081e-05 1.027456000348370862e-14
1.788109756097560856e-05 9.670466911772667582e-15
1.789024390243902358e-05 1.027456000348370704e-14
1.789024390243902358e-05 8.671196385443064547e-15
1.789634146341463473e-05 7.497580329441041347e-15
1.790243902439024248e-05 4.345892928659014613e-05
1.807926829268292839e-05 4.345892928659014613e-05
1.807926829268292839e-05 9.101891493161919185e-15
1.808231707317073226e-05 8.260881467485027788e-15
1.808536585365853614e-05 7.588995326967506771e-15
1.808841463414634002e-05 8.260881467485027788e-15
1.809146341463414729e-05 7.407266492399292046e-15
1.809756097560975504e-05 9.325196019212912528e-15
1.810365853658536618e-05 7.965937909575055428e-15
1.810670731707317006e-05 7.588995326967505193e-15
1.810975609756097733e-05 7.965937909575055428e-15
1.811585365853658508e-05 7.407266492399293624e-15
1.812500000000000011e-05 8.671196385443066125e-15
1.812804878048780398e-05 7.229889402415260695e-15
1.813414634146341513e-05 1.052663461387476524e-14
1.813719512195121901e-05 1.118421064481765109e-14
1.813719512195121901e-05 4.345892928659014613e-05
1.817378048780487909e-05 4.345892928659014613e-05
1.817682926829268297e-05 9.212867214897943352e-15
1.818292682926829073e-05 1.039983360323638880e-14
1.818902439024390187e-05 8.063063403708185730e-15
1.819512195121951301e-05 1.027456000348370546e-14
1.820121951219512077e-05 7.775182671209619364e-15
1.820426829268292804e-05 9.907720787194893305e-15
1.821341463414634306e-05 8.063063403708184152e-15
1.821951219512195081e-05 9.670466911772667582e-15
1.823170731707316971e-05 1.078489358731224692e-14
1.823475609756097698e-05 9.788375046127444756e-15
1.824390243902438861e-05 7.142800098315964201e-15
1.824390243902438861e-05 8.883934298282522796e-15
1.825914634146341478e-05 9.438894403701405403e-15
1.826524390243902592e-05 8.260881467485026211e-15
1.827743902439024482e-05 7.318040551559092060e-15
1.827743902439024482e-05 8.463552771822819645e-15
1.828658536585365984e-05 1.015079541583580053e-14
1.829878048780487874e-05 8.463552771822821222e-15
1.830792682926829376e-05 7.869982363033587201e-15
1.832012195121951266e-05 7.775182671209619364e-15
1.832012195121951266e-05 7.318040551559092060e-15
1.832012195121951266e-05 8.361603090426663570e-15
1.832621951219512042e-05 8.260881467485027788e-15
1.833231707317073156e-05 8.063063403708184152e-15
1.834146341463414659e-05 1.052663461387476209e-14
1.835365853658536549e-05 7.056759848561255699e-15
1.836280487804878051e-05 1.015079541583580368e-14
1.836585365853658438e-05 1.039983360323639195e-14
1.837804878048780667e-05 9.670466911772667582e-15
1.838719512195121831e-05 8.566745484898956231e-15
1.839634146341463333e-05 1.132057525093154051e-14
1.840548780487804835e-05 8.161373110135919708e-15
1.840548780487804835e-05 7.407266492399292046e-15
1.841158536585365949e-05 7.681524910987953752e-15
1.841768292682926725e-05 7.497580329441041347e-15
1.842378048780487839e-05 8.883934298282525952e-15
1.842987804878048954e-05 8.361603090426663570e-15
1.843597560975609729e-05 8.776920814031600360e-15
1.844817073170731619e-05 8.566745484898959386e-15
1.844817073170731619e-05 4.345892928659014613e-05
1.870121951219512276e-05 4.345892928659014613e-05
1.870426829268292664e-05 1.132057525093154051e-14
1.870731707317073051e-05 9.670466911772667582e-15
1.871341463414634166e-05 8.566745484898959386e-15
1.871951219512194941e-05 7.869982363033587201e-15
1.872560975609756056e-05 1.091638948029200867e-14
1.873170731707317170e-05 1.039983360323638880e-14
1.873475609756097558e-05 1.104948865008952926e-14
1.874085365853658672e-05 1.002852166313854031e-14
1.874999999999999836e-05 1.065498165850871045e-14
1.875914634146341338e-05 9.670466911772666005e-15
1.877134146341463228e-05 1.078489358731224692e-14
1.877743902439024342e-05 8.776920814031598783e-15
1.878353658536585457e-05 1.104948865008953084e-14
1.878963414634146232e-05 1.052663461387476524e-14
1.879573170731707347e-05 1.078489358731224534e-14
1.880487804878048849e-05 8.671196385443066125e-15
1.880792682926829237e-05 1.091638948029200867e-14
1.881402439024390351e-05 9.438894403701405403e-15
1.882012195121951127e-05 1.052663461387476366e-14
1.883231707317073016e-05 9.670466911772667582e-15
1.883231707317073016e-05 7.775182671209619364e-15
1.884146341463414519e-05 1.002852166313854188e-14
1.885060975609756021e-05 9.907720787194893305e-15
1.885365853658536747e-05 8.063063403708184152e-15
1.885975609756097523e-05 1.015079541583580526e-14
1.886280487804877911e-05 9.101891493161917607e-15
1.886890243902439025e-05 7.229889402415259117e-15
1.887195121951219413e-05 8.671196385443066125e-15
1.887499999999999801e-05 7.407266492399292046e-15
1.888109756097560915e-05 8.776920814031595627e-15
1.889024390243902417e-05 8.161373110135922864e-15
1.889329268292682805e-05 8.883934298282524374e-15
1.889939024390243920e-05 1.027456000348370546e-14
1.890548780487805034e-05 8.161373110135921286e-15
1.891463414634146197e-05 7.869982363033587201e-15
1.892073170731707312e-05 9.907720787194893305e-15
1.892682926829268087e-05 7.229889402415260695e-15
1.893292682926829202e-05 8.776920814031597205e-15
1.893902439024390316e-05 6.722838932737822626e-15
1.895426829268292594e-05 6.971756016524522843e-15
1.895731707317073320e-05 9.101891493161919185e-15
1.896951219512195210e-05 7.407266492399293624e-15
1.897560975609755986e-05 9.325196019212914106e-15
1.897865853658536374e-05 7.056759848561254121e-15
1.899085365853658602e-05 9.438894403701405403e-15
1.899695121951219378e-05 6.101652122535655793e-15
1.900304878048780492e-05 8.260881467485026211e-15
1.900914634146341607e-05 9.907720787194891727e-15
1.901524390243902382e-05 7.588995326967506771e-15
1.902134146341463497e-05 8.992252555135845462e-15
1.902439024390243885e-05 6.561851393333912818e-15
1.902743902439024272e-05 6.804807818352000768e-15
1.903963414634146162e-05 7.318040551559092060e-15
1.904573170731707277e-05 7.869982363033585623e-15
1.904573170731707277e-05 1.065498165850871045e-14
1.905182926829268391e-05 1.188286402406145751e-14
1.905792682926829167e-05 1.065498165850871203e-14
1.906097560975609893e-05 8.161373110135921286e-15
1.906402439024390281e-05 1.015079541583580210e-14
1.907012195121951395e-05 1.104948865008952926e-14
1.907926829268292559e-05 8.063063403708185730e-15
1.908841463414634061e-05 1.247308147196095681e-14
1.909451219512195175e-05 9.212867214897940197e-15
1.909756097560975563e-05 1.065498165850870888e-14
1.910365853658536677e-05 9.101891493161919185e-15
1.910975609756097453e-05 1.217439653914527612e-14
1.911280487804878180e-05 8.883934298282522796e-15
1.911890243902438955e-05 1.104948865008952926e-14
1.911890243902438955e-05 9.788375046127444756e-15
1.912804878048780457e-05 1.078489358731224692e-14
1.913719512195121960e-05 9.438894403701405403e-15
1.913719512195121960e-05 1.091638948029200867e-14
1.914634146341463462e-05 7.407266492399293624e-15
1.914634146341463462e-05 8.361603090426663570e-15
1.915243902439024237e-05 1.002852166313854188e-14
1.916158536585365740e-05 1.132057525093154209e-14
1.916463414634146466e-05 9.553979067106574221e-15
1.917073170731707242e-05 1.132057525093154051e-14
1.917378048780487629e-05 1.091638948029200709e-14
1.918597560975609858e-05 1.078489358731224849e-14
1.919207317073170634e-05 8.463552771822819645e-15
1.920426829268292524e-05 9.325196019212912528e-15
1.921646341463414753e-05 6.251349197739699973e-15
1.921951219512195140e-05 9.438894403701406980e-15
1.922865853658536643e-05 1.104948865008953084e-14
1.923170731707317030e-05 9.101891493161917607e-15
1.923170731707317030e-05 8.566745484898956231e-15
1.923170731707317030e-05 8.361603090426663570e-15
1.924085365853658532e-05 8.260881467485026211e-15
1.925000000000000035e-05 7.869982363033587201e-15
1.925000000000000035e-05 8.566745484898957808e-15
1.925609756097560810e-05 1.091638948029200867e-14
1.926524390243902312e-05 1.002852166313854188e-14
1.926524390243902312e-05 1.052663461387476682e-14
1.927439024390243815e-05 1.027456000348370704e-14
1.928048780487804929e-05 1.052663461387476366e-14
1.928048780487804929e-05 9.325196019212915683e-15
1.929268292682926819e-05 1.078489358731224692e-14
1.929573170731707207e-05 8.992252555135843884e-15
1.930487804878048709e-05 1.002852166313854031e-14
1.931402439024390211e-05 7.497580329441041347e-15
1.932317073170731713e-05 9.788375046127444756e-15
1.932621951219512101e-05 7.681524910987955330e-15
1.933231707317073215e-05 9.101891493161919185e-15
1.933841463414633991e-05 6.561851393333912818e-15
1.933841463414633991e-05 7.869982363033587201e-15
1.935060975609756220e-05 6.804807818351998401e-15
1.935365853658536608e-05 8.260881467485026211e-15
1.935975609756097383e-05 8.992252555135842306e-15
1.936585365853658498e-05 7.775182671209619364e-15
1.936890243902438885e-05 6.641857422283706453e-15
1.937500000000000000e-05 9.325196019212914106e-15
1.937804878048780387e-05 8.463552771822819645e-15
1.938719512195121890e-05 9.907720787194896460e-15
1.939634146341463392e-05 8.063063403708185730e-15
1.940548780487804894e-05 9.212867214897940197e-15
1.941158536585365670e-05 8.671196385443064547e-15
1.941768292682926784e-05 6.722838932737821048e-15
1.942682926829268286e-05 1.002852166313854188e-14
1.942987804878048674e-05 1.052663461387476524e-14
1.943292682926829401e-05 8.671196385443066125e-15
1.943597560975609788e-05 9.670466911772669160e-15
1.944512195121951290e-05 7.497580329441041347e-15
1.945426829268292454e-05 9.788375046127444756e-15
1.946036585365853568e-05 1.159831265232037444e-14
1.946646341463414683e-05 1.357737660056333619e-14
1.946646341463414683e-05 1.608792655262363789e-14
1.946646341463414683e-05 4.345892928659013935e-05
