# HAYSTAC rescaled to fixed polarisation scenario 
#  m_X [eV]	chi
2.315644171779141289e-05 4.889129544741390593e-05
2.315644171779141289e-05 1.854295366555988597e-14
2.315644171779141289e-05 1.603322984196658097e-14
2.316257668711656421e-05 1.490877879308890189e-14
2.316871165644171892e-05 1.437648108628435653e-14
2.317484662576687363e-05 1.455176776881330767e-14
2.318711656441717965e-05 1.455176776881330767e-14
2.319325153374233436e-05 1.455176776881330451e-14
2.319631901840491002e-05 1.455176776881330451e-14
2.320858895705521605e-05 1.403221665595607622e-14
2.321165644171779510e-05 1.336822202706913931e-14
2.321472392638037076e-05 1.386318834645945722e-14
2.322392638036810113e-05 1.403221665595607622e-14
2.323926380368098281e-05 1.403221665595607622e-14
2.324539877300613752e-05 1.386318834645946038e-14
2.325153374233128884e-05 1.386318834645945722e-14
2.326380368098159826e-05 1.369619610653843524e-14
2.327300613496932863e-05 1.369619610653843524e-14
2.327607361963190429e-05 1.353121541024625303e-14
2.328527607361963466e-05 1.336822202706913931e-14
2.329141104294478936e-05 1.336822202706913931e-14
2.330368098159509200e-05 1.304810173386042459e-14
2.331288343558282237e-05 1.336822202706914089e-14
2.331901840490797708e-05 1.258223697541985906e-14
2.332822085889570745e-05 1.336822202706913931e-14
2.334049079754601348e-05 1.320719201836756790e-14
2.334969325153374384e-05 1.320719201836756475e-14
2.335889570552147421e-05 1.336822202706913615e-14
2.336809815950920458e-05 1.353121541024625303e-14
2.337730061349693495e-05 1.336822202706913931e-14
2.338650306748466532e-05 1.369619610653843524e-14
2.339263803680981664e-05 1.336822202706913931e-14
2.339877300613497135e-05 1.386318834645945722e-14
2.340490797546012605e-05 1.304810173386042459e-14
2.341104294478527737e-05 1.369619610653843367e-14
2.341717791411043208e-05 1.403221665595607306e-14
2.342638036809816245e-05 1.369619610653843367e-14
2.343865030674846848e-05 1.320719201836756475e-14
2.344171779141104414e-05 1.369619610653843682e-14
2.344785276073619885e-05 1.320719201836756475e-14
2.345705521472392921e-05 1.273564715729798485e-14
2.346319018404908053e-05 1.320719201836756475e-14
2.346932515337423524e-05 1.320719201836756475e-14
2.347239263803681090e-05 1.336822202706913931e-14
2.347852760736196561e-05 1.141964484281527835e-14
2.348159509202454127e-05 1.198685436582229946e-14
2.348773006134969598e-05 1.353121541024625461e-14
2.349693251533742635e-05 1.258223697541985590e-14
2.350000000000000201e-05 1.320719201836756475e-14
2.350613496932515333e-05 1.258223697541985748e-14
2.351380368098159756e-05 1.289092780815151372e-14
2.352147239263803840e-05 1.289092780815152792e-14
2.352760736196319311e-05 1.472919165173833973e-14
2.353680981595092348e-05 1.437648108628435653e-14
2.354294478527607480e-05 1.455176776881330767e-14
2.354907975460122951e-05 1.420330586001008638e-14
2.355214723926380517e-05 1.213300528572627936e-14
2.355828220858895988e-05 1.155888000391916648e-14
2.357055214723926590e-05 1.184246394060911070e-14
2.357361963190184156e-05 1.114618588559425655e-14
2.357975460122699627e-05 1.198685436582229946e-14
2.358588957055214759e-05 1.155888000391916805e-14
2.358895705521472664e-05 1.437648108628435653e-14
2.359509202453987796e-05 1.141964484281527835e-14
2.360122699386503267e-05 1.155888000391916963e-14
2.360429447852760833e-05 1.198685436582229946e-14
2.361042944785276304e-05 1.184246394060911070e-14
2.361656441717791775e-05 1.184246394060911070e-14
2.362269938650306907e-05 1.184246394060911070e-14
2.363190184049079943e-05 1.213300528572627305e-14
2.363803680981595075e-05 1.228093816532850837e-14
2.364417177914110546e-05 1.169981280364093759e-14
2.364723926380368112e-05 1.101192192689337397e-14
2.365337423312883583e-05 1.128208687103085824e-14
2.365950920245399054e-05 1.128208687103085982e-14
2.366871165644172091e-05 1.169981280364093759e-14
2.367791411042945127e-05 1.169981280364094075e-14
2.368098159509202693e-05 1.155888000391916963e-14
2.369325153374233296e-05 1.169981280364093917e-14
2.370552147239263899e-05 1.198685436582229946e-14
2.371472392638036936e-05 1.198685436582230104e-14
2.372085889570552407e-05 1.169981280364093917e-14
2.372699386503067539e-05 1.198685436582230104e-14
2.373006134969325444e-05 1.169981280364093917e-14
2.374233128834356046e-05 1.198685436582230104e-14
2.375153374233129083e-05 1.184246394060911070e-14
2.375766871165644215e-05 9.637588670511326154e-15
2.376380368098159686e-05 1.213300528572627778e-14
2.376993865030675157e-05 1.169981280364093759e-14
2.377300613496932723e-05 1.049084552161452896e-14
2.377914110429447855e-05 1.087927527574425123e-14
2.378834355828220892e-05 1.087927527574425281e-14
2.380061349693251833e-05 1.128208687103085982e-14
2.380981595092024870e-05 1.141964484281527835e-14
2.381901840490797568e-05 1.169981280364093917e-14
2.383435582822086076e-05 1.169981280364093917e-14
2.384355828220859113e-05 1.198685436582229946e-14
2.384969325153374245e-05 1.198685436582229788e-14
2.385582822085889715e-05 1.213300528572627778e-14
2.386196319018405186e-05 1.243067473135071963e-14
2.387116564417178223e-05 1.273564715729798327e-14
2.387423312883435789e-05 1.184246394060910912e-14
2.388343558282208826e-05 1.198685436582230104e-14
2.388650306748466392e-05 1.213300528572627778e-14
2.389877300613497333e-05 1.213300528572627778e-14
2.390490797546012465e-05 1.243067473135072120e-14
2.391411042944785502e-05 1.258223697541985590e-14
2.392331288343558539e-05 1.243067473135072120e-14
2.392638036809816105e-05 1.289092780815152792e-14
2.393558282208589142e-05 1.289092780815152792e-14
2.393865030674846708e-05 1.336822202706913931e-14
2.394478527607362179e-05 1.304810173386042301e-14
2.394785276073619745e-05 1.369619610653843682e-14
2.395092024539877650e-05 1.336822202706913931e-14
2.396012269938650686e-05 1.386318834645945722e-14
2.396012269938650686e-05 1.320719201836756632e-14
2.396932515337423384e-05 1.369619610653843682e-14
2.397239263803680950e-05 1.336822202706913931e-14
2.397546012269938855e-05 1.386318834645945564e-14
2.397852760736196421e-05 1.509055556860954551e-14
2.398466257668711892e-05 1.564929230504505215e-14
2.398466257668711892e-05 1.420330586001008480e-14
2.398466257668711892e-05 4.889129544741390593e-05
