# ORGAN rescaled to fixed polarisation scenario 
#  m_X [eV]	chi
6.325446665677619720e-05 2.021173277358332965e-01
6.325446665677619720e-05 4.834410206205378810e-13
6.325781816736782040e-05 5.158246499619901579e-13
6.329259008975595172e-05 5.595379161697461590e-13
6.332652413449616369e-05 5.929415061309011954e-13
6.335470729174393501e-05 5.743258904460524073e-13
6.338467284326088579e-05 5.715499127713524732e-13
6.341575810399821263e-05 5.755677194246859851e-13
6.344801639344261300e-05 5.756744778151912447e-13
6.348027468288702693e-05 5.824127304844922056e-13
6.351253297233142730e-05 5.898437287653775124e-13
6.354479126177582768e-05 5.802084761660055213e-13
6.357704955122022805e-05 5.785071494926698915e-13
6.360930784066462843e-05 5.720271122965838335e-13
6.364156613010904236e-05 5.769188415558892569e-13
6.367382441955344273e-05 5.602556347447352763e-13
6.370608270899784310e-05 5.516784321868911273e-13
6.373834099844224348e-05 5.577497389141002662e-13
6.377059928788664385e-05 5.615448023459368172e-13
6.380285757733105778e-05 5.612608891254650163e-13
6.383511586677545816e-05 5.567109662165429980e-13
6.386737415621985853e-05 5.533489701702146567e-13
6.389963244566425891e-05 5.390483588628423918e-13
6.393189073510867283e-05 5.384025797910178699e-13
6.396414902455307321e-05 5.214035833457327912e-13
6.399640731399747358e-05 5.116438337817405727e-13
6.402866560344187396e-05 5.156627706946669141e-13
6.406092389288627433e-05 5.321226894705288958e-13
6.409318218233068826e-05 5.174728194397742470e-13
6.412732569648287668e-05 5.250375123282765478e-13
6.415769876121948901e-05 5.496992776762703278e-13
6.418995705066388939e-05 5.367965388249417112e-13
6.422221534010828976e-05 5.374586146975432489e-13
6.425447362955270369e-05 5.526938721475498062e-13
6.428585214746680568e-05 5.960625134971593855e-13
6.431247338229111998e-05 6.357875601593526747e-13
6.434245078258289392e-05 6.332411256063591126e-13
6.437470907202729430e-05 6.098543541102232632e-13
6.440696736147169467e-05 5.720444393134444460e-13
6.443168475208494285e-05 5.731588461483209171e-13
6.443336050738075445e-05 6.082429823135178323e-13
6.443336050738075445e-05 1.984193229617209064e-01
6.461469119501520616e-05 1.978624912009063208e-01
6.461469119501520616e-05 4.183146909313229879e-13
6.462984281581484055e-05 3.902662597964702049e-13
6.466039043839477110e-05 3.952596906482636946e-13
6.468304804645691301e-05 4.044954501947096948e-13
6.469631444254877290e-05 3.816995388913350214e-13
6.472368511238038493e-05 4.168380929586306223e-13
6.474840250299361956e-05 4.382897059214735123e-13
6.475740968770862045e-05 4.632938344839468458e-13
6.475740968770862045e-05 1.974264231641991996e-01
6.495301222461240817e-05 1.968318840058116137e-01
6.495301222461240817e-05 4.134968364327591913e-13
6.495594479638007847e-05 3.447816085708961222e-13
6.495682456791039040e-05 3.772775013819443604e-13
6.496562228321340129e-05 2.977296739765730578e-13
6.496806609301980224e-05 3.131632988676765662e-13
6.499138702088653173e-05 3.395943127977004399e-13
6.500521200207699097e-05 3.823797101517160483e-13
6.502896583339514206e-05 3.945224696829645431e-13
6.505017810251463833e-05 3.503806517965532281e-13
6.505433257918550910e-05 3.378810514166364342e-13
6.508224088717453097e-05 3.607916611825013352e-13
6.510315989911726563e-05 3.679062590768816192e-13
6.511878250871596849e-05 3.345729644090615668e-13
6.513072607373339895e-05 3.309784071518840067e-13
6.516012079309878280e-05 3.497109341038683458e-13
6.519289659520806617e-05 3.340766600129021765e-13
6.522393297974926607e-05 3.416436236921823350e-13
6.523285288554261463e-05 3.535921996718390824e-13
6.526621088939989137e-05 3.265986455330885992e-13
6.529846917884429174e-05 3.122552126920743647e-13
6.533585946888212869e-05 3.043496043666997641e-13
6.536298575773310604e-05 3.106507235816535970e-13
6.539524404717750642e-05 3.189056965936986041e-13
6.542163719308656620e-05 3.192831247886589534e-13
6.544705281507306018e-05 2.921745648986369382e-13
6.547983746355268933e-05 2.931451066179419627e-13
6.548908634374303725e-05 2.823060504662778616e-13
6.552116134745195823e-05 2.847601435992449929e-13
6.554545688994387097e-05 2.892717582880414017e-13
6.555311416067056865e-05 3.268850998667535749e-13
6.555594898004598508e-05 3.656441963147354294e-13
6.555800178028335699e-05 4.034733128528153415e-13
6.556093435205102729e-05 4.417400200939569086e-13
6.556885229582373980e-05 4.786408445647857781e-13
6.556994153676602819e-05 6.059036908994274505e-13
6.557516595033532317e-05 5.405795878513464485e-13
6.559172635561159252e-05 4.788393414073018541e-13
6.559319264149542767e-05 5.128843674755022147e-13
6.559382104973135702e-05 4.352436261717182445e-13
6.559759149914694666e-05 3.781010155630215388e-13
6.560003530895333406e-05 3.357104499672279135e-13
6.560296788072100436e-05 3.016676123143095151e-13
6.561099754151345300e-05 2.753762986738398169e-13
6.562984978859134704e-05 2.583074208566961495e-13
6.566210807803574741e-05 2.638868864702712292e-13
6.569436636748014779e-05 2.711819653006716254e-13
6.572662465692454816e-05 2.749327375382142255e-13
6.575888294636896209e-05 2.712922077655129306e-13
6.579114123581336247e-05 2.659407665437428153e-13
6.582339952525776284e-05 2.665493685733419076e-13
6.585691463117402192e-05 2.583052220020225145e-13
6.588791610414657714e-05 2.650898170023177473e-13
6.592130230580931329e-05 2.612823721794554056e-13
6.594774056820709729e-05 2.456895027869124945e-13
6.597002811364141323e-05 2.376748764093661938e-13
6.598762354424744857e-05 2.204527111746131447e-13
6.601255040427267320e-05 2.251619772630679595e-13
6.602330316742081569e-05 2.514773174092004298e-13
6.602428069134336794e-05 2.735033816598976081e-13
6.602721326311103824e-05 2.912702607489264271e-13
6.602784167134696759e-05 3.170425504645885739e-13
6.603124554929158490e-05 3.690197342316307024e-13
6.603395817817669076e-05 4.199805571657291377e-13
6.603395817817669076e-05 1.936098353142214346e-01
6.684100192864030467e-05 1.912721742512492329e-01
6.684100192864030467e-05 3.348023487537072473e-13
6.685566478747866971e-05 3.096745043957237595e-13
6.688792307692307008e-05 3.124387945650511781e-13
6.691920384244491821e-05 3.317201062878412764e-13
6.695243965581187083e-05 3.467444344845332533e-13
6.698306873871868864e-05 3.678876158405975255e-13
6.700559251910094918e-05 3.666154218415864669e-13
6.703129325223152824e-05 3.635913808917659273e-13
6.706094481121578025e-05 3.783436089189643775e-13
6.709369186262146352e-05 3.885117488492309948e-13
6.712057377049179265e-05 3.940804238763868314e-13
6.713939110600102846e-05 4.191808383981738692e-13
6.713939110600102846e-05 1.904220988218084387e-01
