# ORGAN-Q rescaled to fixed polarisation scenario 
#  m_X [eV]	chi
2.545230137671127574e-05 3.391841815985584541e-01
2.545230137671127574e-05 1.546769511545314679e-13
2.545241808952469065e-05 1.630714528238138774e-13
2.545300165359175505e-05 1.405321108490303625e-13
2.545311836640516996e-05 1.481589552702308178e-13
2.545381864328564927e-05 1.346101703472165101e-13
2.545416878172589061e-05 1.272084925662659804e-13
2.545440220735271705e-05 1.203622095139843337e-13
2.545521919704660788e-05 1.128714317478375924e-13
2.545626961236732854e-05 1.060086274547355071e-13
2.545743674050146411e-05 9.861870181139866199e-14
2.545907071988924916e-05 9.399664760012668584e-14
2.546117155053068709e-05 8.858217264910272259e-14
2.546502307337332837e-05 8.596244751002688758e-14
2.546922473465620761e-05 8.401588781551644610e-14
2.547342639593908685e-05 8.201253953773429302e-14
2.547762805722196609e-05 8.069914834656056935e-14
2.548182971850484533e-05 8.153326217783458026e-14
2.548568124134748661e-05 8.485389170464716309e-14
2.548883248730964520e-05 8.902606645619168731e-14
2.549163359483156582e-05 9.353104354128419449e-14
2.549548511767420371e-05 9.097719939861439440e-14
2.549933664051684499e-05 8.733683833835530205e-14
2.550353830179972423e-05 8.630870606802268675e-14
2.550773996308260347e-05 8.720081541236274577e-14
2.551124134748500340e-05 8.541210470707238608e-14
2.551404245500692403e-05 8.095627215825981580e-14
2.551754383940932396e-05 7.713267767418124138e-14
2.552174550069220320e-05 7.636534732723211781e-14
2.552594716197508244e-05 7.672910376943824944e-14
2.553014882325796168e-05 7.681083150799753015e-14
2.553435048454084092e-05 7.618704992680199039e-14
2.553855214582372016e-05 7.598748264130343670e-14
2.554275380710659940e-05 7.639638507868200493e-14
2.554695546838947864e-05 7.728099069493666295e-14
2.555045685279187857e-05 8.024688370604947906e-14
2.555395823719427850e-05 8.384029302037987763e-14
2.555815989847715774e-05 8.496761400714075969e-14
2.556236155976003698e-05 8.197873378596316260e-14
2.556586294416243692e-05 8.237150659398503685e-14
2.556854733887094263e-05 8.598350948681225812e-14
2.556971446700507820e-05 8.931899195422578108e-14
2.557111502076603681e-05 9.413278309071942951e-14
2.557341593051618505e-05 1.012350152044641647e-13
2.557671723580987806e-05 1.010354918537911647e-13
2.557811778957083668e-05 9.402029631203604845e-14
2.557951834333179529e-05 8.879226440443621502e-14
2.558126903553299526e-05 8.494304619301078342e-14
2.558259956160590900e-05 8.087341119119966162e-14
2.558617097369635381e-05 7.640749494399037334e-14
2.559037263497923644e-05 7.532266902992026378e-14
2.559422415782187433e-05 7.779527701698675525e-14
2.559737540378403291e-05 8.121512204185492856e-14
2.560087678818643285e-05 8.296967282613389622e-14
2.560507844946931209e-05 8.305808769330204266e-14
2.560928011075219133e-05 8.309551407807292684e-14
2.561348177203507395e-05 8.369687839832547512e-14
2.561768343331795319e-05 8.555527925093497674e-14
2.562188509460083244e-05 8.585726570293772719e-14
2.562608675588371168e-05 8.727953666617771457e-14
2.563028841716659092e-05 9.026540287627931318e-14
2.563449007844947016e-05 9.164798171306785323e-14
2.563834160129211144e-05 9.366119249799516846e-14
2.564219312413474933e-05 9.936298893037790422e-14
2.564639478541762857e-05 9.807275235751442742e-14
2.564989616982002850e-05 9.567812227894328565e-14
2.565339755422242843e-05 9.141173758664867578e-14
2.565759921550530767e-05 9.173441665829334754e-14
2.566180087678818691e-05 9.032093397883102118e-14
2.566600253807106615e-05 8.865637987773353279e-14
2.567020419935394539e-05 8.880545333361515274e-14
2.567440586063682463e-05 8.944817545192120325e-14
2.567860752191970726e-05 9.037283424328758581e-14
2.568280918320258650e-05 8.980442553382231169e-14
2.568701084448546574e-05 9.045438489598612257e-14
2.569121250576834498e-05 9.127718845134449975e-14
2.569541416705122422e-05 9.273227498618209811e-14
2.569961582833410347e-05 9.537571397122314452e-14
2.570381748961698271e-05 9.559483935738082957e-14
2.570801915089986195e-05 9.400628065093470616e-14
2.571222081218274119e-05 9.527038790014116539e-14
2.571642247346562043e-05 9.792598682860517767e-14
2.572062413474849967e-05 9.736991893218621099e-14
2.572482579603138230e-05 9.669807979942560128e-14
2.572902745731426154e-05 9.781787575926163626e-14
2.573322911859714078e-05 1.022896751405361893e-13
2.573728072054848898e-05 1.070980927163091615e-13
2.574100219197046822e-05 1.057484387488506574e-13
2.574443354868481988e-05 1.007481050672719567e-13
2.574863520996769912e-05 1.011659555767882621e-13
2.575108617904937840e-05 1.066466895831149008e-13
2.575248673281033701e-05 1.130177949904648113e-13
2.575493770189201629e-05 1.181562043412736224e-13
2.575913936317489553e-05 1.169809417702484562e-13
2.576229060913705750e-05 1.121102037855970875e-13
2.576299088601753681e-05 1.073864735975556809e-13
2.576439143977849543e-05 1.019777592372394704e-13
2.576579199353945743e-05 9.696057264120351975e-14
2.576789282418089536e-05 9.173557568352056353e-14
2.576985359944624013e-05 8.784442907034983183e-14
2.577384517766497456e-05 8.661932127105133556e-14
2.577699642362713653e-05 8.969652046535183182e-14
2.577991424396246868e-05 9.426407578095502846e-14
2.578259863867097439e-05 1.002286946378418036e-13
2.578511963544070194e-05 1.014458873414968776e-13
2.578925126903553291e-05 1.035841273741228700e-13
2.579345293031841215e-05 1.077883100612880320e-13
2.579590389940009142e-05 1.139775401373713279e-13
2.579930524424813959e-05 1.190245164555638422e-13
2.580255652976465333e-05 1.098228333341331251e-13
2.580300670775924644e-05 1.138561630013585290e-13
2.580722504230118544e-05 1.133687700096275310e-13
2.580962932625749807e-05 1.118770703573965974e-13
2.581313071065989800e-05 1.126899280650684133e-13
2.581481137517304970e-05 1.061222213545965276e-13
2.581621192893401170e-05 1.007462310369861695e-13
2.581761248269497032e-05 9.453224675481244588e-14
2.581936317489617029e-05 8.968703320112804434e-14
2.582216428241809091e-05 8.453938960116089537e-14
2.582566566682049084e-05 8.174356693876179654e-14
2.582986732810337008e-05 8.103006407143736056e-14
2.583406898938624932e-05 8.211974277788712146e-14
2.583827065066912856e-05 8.240971593128866255e-14
2.584247231195200780e-05 8.209303950123271091e-14
2.584667397323488704e-05 8.345307086470135192e-14
2.585017535763728698e-05 8.786258989180167287e-14
2.585169262421166051e-05 9.155067153183159226e-14
2.585356002922627200e-05 9.639414846160294736e-14
2.585472715736040756e-05 1.003799970757901249e-13
2.585742822532797303e-05 1.048185352123888905e-13
2.585986252115059255e-05 1.002367794194031793e-13
2.586102964928472473e-05 9.577586979932593615e-14
2.586266362867251317e-05 9.151183551554993194e-14
2.586418089524688670e-05 8.741117015567359093e-14
2.586733214120904529e-05 8.268219136319306041e-14
2.587118366405168657e-05 8.075163535564874942e-14
2.587538532533456581e-05 8.143620946116489090e-14
2.587958698661744505e-05 8.202570373087643766e-14
2.588378864790032429e-05 8.246727769448635024e-14
2.588799030918320353e-05 8.280938163327766215e-14
2.589219197046608277e-05 8.315290693268972209e-14
2.589639363174896201e-05 8.339528952195044832e-14
2.589989501615136194e-05 8.664923441561731371e-14
2.590339640055376187e-05 8.969876883422076688e-14
2.590689778495616180e-05 8.897294004790497251e-14
2.591004903091832039e-05 8.495458223015857725e-14
2.591390055376096167e-05 8.359543745507512507e-14
2.591810221504384091e-05 8.425234640435842606e-14
2.592230387632672015e-05 8.538540509988955955e-14
2.592650553760959939e-05 8.542405169885235554e-14
2.593035706045223728e-05 8.827181841429053693e-14
2.593315816797415790e-05 9.227828262118198720e-14
2.593455872173511991e-05 9.737124978363594664e-14
2.593630941393631649e-05 1.032820537866208107e-13
2.593712640363021071e-05 1.102648740121276650e-13
2.593864367020458424e-05 1.190626737185466573e-13
2.594121135209967842e-05 1.296681286609390952e-13
2.594126137187685431e-05 1.251711089634170305e-13
2.594366232118135770e-05 1.226790036998496245e-13
2.594389574680818413e-05 1.153653140978198783e-13
2.594459602368866344e-05 1.088864691819016709e-13
2.594552972619596919e-05 1.027705476670980374e-13
2.594669685433010476e-05 9.843858880884012345e-14
2.594786398246423694e-05 9.379794993274995336e-14
2.594961467466543690e-05 8.948399596823081783e-14
2.595241578218735753e-05 8.597046793232390341e-14
2.595556702814951611e-05 8.842487545923768868e-14
2.595808802491924365e-05 9.312355534835767734e-14
2.596011882787263670e-05 9.954331191854384599e-14
2.596186952007383667e-05 1.051973430959565493e-13
2.596467062759575390e-05 1.096413553178814881e-13
2.596712159667743317e-05 1.026850931300491181e-13
2.596922242731887449e-05 9.715167547231393513e-14
2.597062298107983311e-05 9.294141834305935383e-14
2.597307395016151577e-05 8.814830842000535820e-14
2.597622519612367435e-05 8.453009547655172719e-14
2.598042685740655359e-05 8.216052792078213972e-14
2.598427838024919148e-05 8.279713346657733904e-14
2.598777976465159142e-05 8.736513856284511419e-14
2.599093101061375339e-05 9.092041394041549962e-14
2.599443239501615332e-05 9.499199838244326399e-14
2.599863405629903256e-05 9.503503579192554373e-14
2.600248557914167045e-05 9.441555214629373350e-14
2.600563682510383242e-05 8.937358026932355119e-14
2.600913820950622897e-05 8.437125844873284656e-14
2.601333987078911160e-05 8.160395187184142610e-14
2.601754153207199084e-05 8.104104470120515769e-14
2.602174319335487008e-05 8.152747817664841751e-14
2.602594485463774932e-05 8.151431627799466224e-14
2.603014651592062856e-05 8.150115862840185091e-14
2.603434817720350780e-05 8.204076578028798561e-14
2.603854983848638704e-05 8.222942699029910852e-14
2.604275149976926628e-05 8.405546968821144128e-14
2.604695316105214552e-05 8.461199516632199991e-14
2.605115482233502476e-05 8.511987811306083645e-14
2.605535648361790400e-05 8.468873914969557996e-14
2.605955814490078663e-05 8.302607228983100644e-14
2.606375980618366587e-05 7.976186025456983050e-14
2.606796146746654511e-05 8.019133911512930351e-14
2.607131279253741061e-05 8.447358464868364543e-14
2.607566451315182428e-05 8.191077393142347670e-14
2.607986617443470352e-05 8.109619594817906427e-14
2.608301742039686210e-05 8.454694983360742167e-14
2.608476811259806207e-05 8.910245474334025486e-14
2.608826949700046200e-05 9.332180762382939565e-14
2.609107060452238263e-05 9.048799690804907490e-14
2.609282129672358259e-05 8.600856339272817056e-14
2.609597254268574117e-05 8.296118848458081557e-14
2.610017420396862041e-05 8.335666528039130512e-14
2.610367558837102035e-05 8.541979143470014539e-14
2.610717697277342028e-05 8.943727675097211160e-14
2.611085342639594088e-05 9.433625966127782838e-14
2.611270916012920987e-05 9.583719336960467712e-14
2.611558029533917876e-05 9.174640447711443912e-14
2.611733098754037872e-05 8.744619126050144110e-14
2.611929176280572350e-05 8.414979470708305168e-14
2.612328334102445793e-05 8.577637640093043694e-14
2.612503403322565790e-05 8.981666014828720580e-14
2.612678472542685786e-05 9.445272353904150516e-14
2.612853541762805783e-05 9.932808689691150714e-14
2.613063624826949914e-05 1.044216096565514429e-13
2.613308721735117842e-05 1.109277908090008467e-13
2.613658860175357835e-05 1.167174460931321605e-13
2.614044012459621624e-05 1.157146679895164666e-13
2.614324123211813686e-05 1.179132830148390621e-13
2.614569220119981614e-05 1.134941686483303190e-13
2.614989386248269538e-05 1.120896584056623713e-13
2.615434562265146081e-05 1.114426139857919705e-13
2.615829718504845386e-05 1.143494455144919069e-13
2.616179856945085379e-05 1.093179418662937434e-13
2.616389940009229511e-05 1.038092531014952135e-13
2.616600023073373303e-05 9.912492827290507412e-14
2.616845119981541231e-05 9.476712801444879771e-14
2.617160244577757428e-05 9.121304503427286140e-14
2.617580410706045352e-05 9.176062122674268157e-14
2.618000576834333276e-05 9.339573672563684260e-14
2.618420742962621200e-05 9.459375905202868597e-14
2.618840909090909124e-05 9.568946043184605262e-14
2.619261075219197048e-05 9.352306548310511961e-14
2.619681241347484972e-05 9.101332841816522197e-14
2.620126417364361515e-05 9.188095784991317953e-14
2.620521573604060820e-05 9.704906194506457748e-14
2.620941739732349083e-05 9.715284787119063855e-14
2.621361905860637007e-05 9.396643184991060589e-14
2.621747058144900796e-05 9.482276005624651637e-14
2.622027168897092859e-05 9.901099061862687784e-14
2.622167224273188720e-05 1.049260391771190901e-13
2.622377307337332852e-05 1.079924249421730637e-13
2.622517362713428713e-05 1.131501984429211314e-13
2.622692431933548710e-05 1.186256105457866228e-13
2.623112598061836634e-05 1.184609111953450842e-13
2.623532764190124558e-05 1.175716410970441277e-13
2.623952930318412482e-05 1.153343832381826528e-13
2.624373096446700406e-05 1.146798360940662748e-13
2.624793262574988330e-05 1.143096734028206729e-13
2.625213428703276593e-05 1.133818735245895887e-13
2.625633594831564517e-05 1.162565600691319981e-13
2.625878691739732445e-05 1.236900943209603370e-13
2.626018747115828306e-05 1.314425351257778988e-13
2.626088774803876237e-05 1.363763282914326836e-13
2.626158802491924507e-05 1.432012541052792051e-13
2.626193816335948303e-05 1.506472374646805793e-13
2.626228830179972438e-05 1.605390355771061458e-13
2.626275515305337725e-05 1.713953083516040330e-13
2.626368885556068300e-05 1.853594007584240381e-13
2.626438913244116230e-05 1.997251239632794135e-13
2.626438913244116230e-05 3.286966991208782329e-01
