# QUAX5 rescaled to fixed polarisation scenario 
#  m_X [eV]	chi
3.652413272271227398e-05 2.816312015693063220e-01
3.652413272271227398e-05 2.155894052251828501e-13
3.652431408125282494e-05 4.532631056831002113e-14
3.652449544020693127e-05 1.595045194997159462e-13
3.652467679874747545e-05 6.878311328247979311e-14
3.652485815770158855e-05 2.928317618714805975e-14
3.652503951624212595e-05 2.610805522943622965e-14
3.652522087519625261e-05 8.005092031601560427e-14
3.652540223373679001e-05 6.822215449917361338e-14
3.652558359269090989e-05 8.844362301668788928e-14
3.652576495123145407e-05 2.848628203510431100e-14
3.652594631018556717e-05 2.749354520979137677e-14
3.652612766872611135e-05 4.593736020277857619e-14
3.652630902768021768e-05 8.536727704839710678e-14
3.652649038622076864e-05 6.384034369493690814e-14
3.652667174517487496e-05 1.047296932236795003e-13
3.652685310371542592e-05 2.869925846071593657e-14
3.652703446266953902e-05 2.770510609930291850e-14
3.652721582121008320e-05 2.577697707845368743e-14
3.652739718016420308e-05 9.129096542415503894e-14
3.652757853870474048e-05 4.370629431290947411e-14
3.652775989765885358e-05 6.954695797659554092e-14
3.652794125619939777e-05 4.771910348442427399e-14
3.652812261515351087e-05 4.512210932553537386e-14
3.652830397369406183e-05 4.363999025601781370e-14
3.652848533264816815e-05 6.477582556097215755e-14
3.652866669118871911e-05 5.151227869519506358e-14
3.652884805014283221e-05 8.605443144601286870e-14
3.652902940868337639e-05 2.853855236071040338e-14
3.652921076763749627e-05 2.753125510541346813e-14
3.652939212617803367e-05 5.701072977015688966e-14
3.652957348513214677e-05 7.220131229508927595e-14
3.652975484367269095e-05 4.654395335585942481e-14
3.652993620262681083e-05 5.271810062425328513e-14
3.653011756116735501e-05 3.349001567759967436e-14
3.653029892012146134e-05 2.671295632603228521e-14
3.653048027866201230e-05 6.057167121106365723e-14
3.653066163761612540e-05 9.060754031907547340e-14
3.653084299615666958e-05 4.020688519351730410e-14
3.653102435511078268e-05 7.494507610579715431e-14
3.653120571365132008e-05 7.769594741808021581e-14
3.653138707260543996e-05 5.571242980659142629e-14
3.653156843114598414e-05 7.423260351793163300e-14
3.653174979010009724e-05 8.057451173287511197e-14
3.653193114864064143e-05 7.740604751964541657e-14
3.653211250759476130e-05 6.356945056594216604e-14
3.653229386613530548e-05 7.492003996781091897e-14
3.653247522508940503e-05 2.673923086074090553e-14
3.653265658362995599e-05 9.125485224474412089e-14
3.653283794258406909e-05 8.494323594448840090e-14
3.653301930112462005e-05 7.472087804482090785e-14
3.653320065966516423e-05 9.353592287404892192e-14
3.653338201861927055e-05 2.812171928477095884e-14
3.653356337715982151e-05 2.899295781831188704e-14
3.653374473611393461e-05 4.891144053331357647e-14
3.653392609465448557e-05 8.520309512059775824e-14
3.653410745360859867e-05 2.534759180374192249e-14
3.653428881214914285e-05 7.558206820533478690e-14
3.653447017110324918e-05 4.207387116593680433e-14
3.653465152964379336e-05 3.723802387175617327e-14
3.653483288859791324e-05 5.542734823212491635e-14
3.653501424713845742e-05 7.376309347538873355e-14
3.653519560609257730e-05 6.176353453081306906e-14
3.653537696463311470e-05 2.699426527897418026e-14
3.653555832358722780e-05 6.227895565119334872e-14
3.653573968212777876e-05 5.514840919511207235e-14
3.653592104108188508e-05 9.147383472524136024e-14
3.653610239962243604e-05 7.378847430660451442e-14
3.653628375857654237e-05 3.108161946138783399e-14
3.653646511711708655e-05 8.935954007607215872e-14
3.653664647607119965e-05 2.945811850475015059e-14
3.653682783461175061e-05 6.045613908017872082e-14
3.653700919356586371e-05 7.139864023416107488e-14
3.653719055210640789e-05 5.903607928585746811e-14
3.653737191106052099e-05 5.091996493098828879e-14
3.653755326960106517e-05 6.858805665184533095e-14
3.653773462855517150e-05 7.992287173057123692e-14
3.653791598709572245e-05 4.827113663820974910e-14
3.653809734604983555e-05 7.931724287817087858e-14
3.653827870459038651e-05 2.424169063543842874e-14
3.653846006354449284e-05 7.934789948201652126e-14
3.653864142208503702e-05 2.737895325576176423e-14
3.653882278103915690e-05 6.412926558269349622e-14
3.653900413957970108e-05 7.982915514082159840e-14
3.653918549853381418e-05 6.788435005740339760e-14
3.653936685707435158e-05 2.442385613383995395e-14
3.653954821602847146e-05 6.929073471923886368e-14
3.653972957456901564e-05 9.277742711105600182e-14
3.653991093352312874e-05 6.280019383578783408e-14
3.654009229206367970e-05 8.791649954831241190e-14
3.654027365101779280e-05 8.606819356162272766e-14
3.654045500955834376e-05 4.712606846883324916e-14
3.654063636851244331e-05 5.262583978262737389e-14
3.654081772705298749e-05 7.753246119378436675e-14
3.654099908600710737e-05 2.836623677578945709e-14
3.654118044454764477e-05 9.051791928228099246e-14
3.654136180350176465e-05 7.979495964229353113e-14
3.654154316204230883e-05 2.440386727626924957e-14
3.654172452099642871e-05 4.442743040634033554e-14
3.654190587953696611e-05 5.751422241664788976e-14
3.654208723849107244e-05 5.796461703551238026e-14
3.654226859703162340e-05 8.131591143519098259e-14
3.654244995557216758e-05 8.232292919720036352e-14
3.654263131452628068e-05 2.454667586086953839e-14
3.654281267306682486e-05 4.552776275110582834e-14
3.654299403202093796e-05 6.013520350089127911e-14
3.654317539056148892e-05 5.114343650218136456e-14
3.654335674951560202e-05 1.104872515341905165e-13
3.654353810805615298e-05 7.295843799983448070e-14
3.654371946701025930e-05 2.479235655025090297e-14
3.654390082555080348e-05 8.936341789502139518e-14
3.654408218450491658e-05 5.928242281977736777e-14
3.654426354304545399e-05 5.221507399144521441e-14
3.654444490199957387e-05 8.433058370296239149e-14
3.654462626054011805e-05 9.782444099736117380e-14
3.654480761949423792e-05 2.484803460706095823e-14
3.654498897803478211e-05 5.076671992984426300e-14
3.654517033698889521e-05 7.943417980621441325e-14
3.654535169552944617e-05 8.118902027609989574e-14
3.654553305448354571e-05 9.337960648807558510e-14
3.654571441302409667e-05 4.915945122859692716e-14
3.654589577197820977e-05 3.676144118246747667e-14
3.654607713051874718e-05 5.935064693328499617e-14
3.654625848947287383e-05 7.528661988846029640e-14
3.654643984801341124e-05 7.325225868141640989e-14
3.654662120696753111e-05 1.099766453274961792e-13
3.654680256550807529e-05 6.669026885531461734e-14
3.654698392446218162e-05 2.516883136638308433e-14
3.654716528300272580e-05 7.229225119283699055e-14
3.654734664195683890e-05 2.916475244345507351e-14
3.654752800049738308e-05 3.904415106853004508e-14
3.654770935945149618e-05 1.128144339604913446e-13
3.654789071799204714e-05 2.477903433691012320e-14
3.654807207694616024e-05 2.538008533945192336e-14
3.654825343548670442e-05 1.096726548751785355e-13
3.654843479444082430e-05 2.950701739800202286e-14
3.654861615298136171e-05 8.301179272453467243e-14
3.654879751193547481e-05 8.959439777289975978e-14
3.654897887047601899e-05 4.714963692989632520e-14
3.654916022943013887e-05 2.532348237523240613e-14
3.654934158797067627e-05 8.331342623217289890e-14
3.654952294692478937e-05 2.936830921082308356e-14
3.654970430546534033e-05 1.106440542400509649e-13
3.654988566441945343e-05 1.082806558195276985e-13
3.655006702296000439e-05 2.505741800797562395e-14
3.655024838191410394e-05 2.616368481005052486e-14
3.655042974045464812e-05 7.494225882771336922e-14
3.655061109940876800e-05 8.054341487800983065e-14
3.655079245794931218e-05 4.122970726491973150e-14
3.655097381690343205e-05 4.861619818738716976e-14
3.655097381690343205e-05 2.814243865704403880e-01
