# QUAX4 rescaled to fixed polarisation scenario 
#  m_X [eV]	chi
4.281790110584518104e-05 2.402344608052276176e-01
4.281790110584518104e-05 6.740723642266246454e-14
4.281794533965245156e-05 6.927483654723543973e-14
4.281799510268562327e-05 1.904338486170068288e-14
4.281804210110584777e-05 4.323413296027174342e-14
4.281809186413901947e-05 1.072716603806836151e-14
4.281813333333333601e-05 1.718827750160185284e-14
4.281818309636650771e-05 7.887746056571995815e-15
4.281822456556082425e-05 2.138882469373161133e-14
4.281827432859399595e-05 1.815389415514937287e-14
4.281830750394945053e-05 1.583515364162580159e-14
4.281836832543443818e-05 5.024644544399696086e-15
4.281841532385466267e-05 1.290031801093143027e-14
4.281845402843601845e-05 2.109841718288247004e-14
4.281850655608215091e-05 6.338611727380130171e-15
4.281854802527646067e-05 6.649136406466359561e-15
4.281859778830963915e-05 7.316573917680687970e-15
4.281863925750394891e-05 1.672467892327800148e-14
4.281868625592417341e-05 1.930509096737348181e-14
4.281873601895734512e-05 1.840347494764763881e-14
4.281878301737756962e-05 1.957066527485733275e-14
4.281882725118483336e-05 1.094913022528028667e-14
4.281887148499210387e-05 1.551366767790824452e-14
4.281891571879936761e-05 1.065391647490413133e-14
4.281896548183254609e-05 1.499259244701559057e-14
4.281900695102685585e-05 2.502812086750626312e-14
4.281905394944708035e-05 1.827802431093809087e-14
4.281910647709320604e-05 1.891322168907103798e-14
4.281914518167456859e-05 3.200750097855504601e-14
4.281919494470774030e-05 3.357552220745924047e-14
4.281923917851501081e-05 3.030483624989639366e-14
4.281928894154818252e-05 3.427077296196705464e-14
4.281933041074249905e-05 4.352923612873780558e-14
4.281933041074249905e-05 2.402264418033413507e-01
